4278	154.1647
   53    86    0.986
   52    87    0.985
   54    85    0.982
   51    88    0.982
   52    86    0.982
   53    85    0.978
   50    88    0.974
   54    84    0.973
   55    84    0.972
   51    87    0.972
   50    89    0.969
   51    86    0.965
   55    83    0.962
   53    84    0.957
   56    83    0.955
   54    64    0.952
   26    66    0.949
   49    89    0.948
   49    88    0.947
   25    67    0.946
   28    64    0.945
   56    82    0.942
   23    94    0.934
   25    66    0.925
   39    94    0.925
   26    65    0.925
   50    68    0.923
   55    62    0.923
   53    64    0.923
   49    90    0.919
   52    66    0.918
   53    65    0.917
   26    35    0.913
   27    65    0.913
   57    82    0.911
   23    40    0.911
   23    93    0.908
   25    65    0.908
   37    95    0.906
   51    89    0.905
   50    94    0.904
   24    94    0.903
   51    67    0.900
   29    63    0.899
   22    93    0.892
   21    42    0.889
   55    63    0.889
   52    88    0.885
   56    62    0.880
   24    95    0.876
   39    93    0.872
   23    68    0.870
   28    63    0.870
   28    35    0.869
   56    84    0.869
   50    90    0.867
   22    94    0.865
   24    67    0.862
   23    67    0.861
   27    64    0.861
   21    94    0.860
   26    68    0.860
   54    63    0.859
   21    49    0.858
   22    41    0.858
   28    66    0.857
   50    66    0.852
   42    94    0.850
   51    66    0.849
   25    68    0.849
   53    87    0.846
   52    65    0.842
   28    65    0.841
   68    94    0.838
   21    50    0.838
   26    67    0.838
   36    94    0.836
   49    69    0.836
   35    94    0.835
   54    86    0.835
   29    64    0.834
   55    85    0.833
   55    82    0.833
   22    92    0.832
   37    94    0.831
   24    68    0.828
   52    64    0.828
   75    86    0.826
   21    93    0.825
   72    86    0.823
   24    39    0.820
   23    50    0.817
   50    95    0.817
   42    68    0.817
   24    93    0.816
   52    89    0.811
   39    95    0.810
   35    66    0.809
   50    67    0.808
   57    83    0.808
   48    90    0.805
   38    95    0.804
   21    92    0.801
   49    68    0.798
   30    63    0.795
   40    94    0.791
   23    95    0.790
   21    48    0.786
   36    95    0.783
   68    95    0.776
   27    66    0.775
   23    89    0.773
   37    96    0.771
   77    84    0.768
   55    64    0.762
   23    42    0.759
   51    72    0.759
   30    64    0.758
   38    94    0.758
   23    92    0.754
   20    42    0.751
   51    69    0.749
   27    35    0.746
   50    91    0.746
   48    69    0.742
   50    93    0.740
   21    41    0.735
   68    88    0.730
   50    69    0.723
   24    96    0.716
   25    38    0.715
   25    40    0.714
   35    95    0.714
   51    68    0.714
   53    66    0.709
   23    39    0.708
   77    83    0.707
   26    36    0.705
   23    41    0.699
   29    62    0.696
   52    85    0.696
   40    93    0.696
   54    62    0.694
   30    62    0.693
   22    40    0.687
   27    63    0.685
   23    88    0.681
   42    93    0.678
   49    91    0.675
   75    85    0.673
   72    88    0.672
   24    40    0.672
   48    70    0.665
   22    42    0.661
   76    84    0.657
   20    41    0.657
   27    37    0.657
   89    95    0.651
   25    37    0.648
   76    86    0.648
   49    94    0.645
   26    64    0.637
   20    92    0.637
   52    67    0.630
   56    85    0.629
   53    63    0.628
   24    37    0.627
   29    36    0.626
   21    44    0.626
   54    65    0.623
   49    70    0.622
   58    81    0.620
   53    67    0.620
   25    39    0.615
   54    83    0.615
   55    61    0.613
   29    35    0.609
   20    43    0.608
   76    85    0.607
   38    96    0.604
   28    36    0.601
   51    65    0.598
   48    68    0.597
   74    86    0.596
   47    69    0.594
   47    70    0.587
   27    36    0.587
   24    38    0.584
   57    81    0.581
   26    38    0.575
   78    84    0.572
   72    87    0.571
   71    86    0.570
   54    87    0.569
   48    91    0.569
   41    94    0.566
   19    44    0.557
   50    87    0.556
   31    64    0.545
   42    50    0.544
   69    94    0.534
   36    96    0.529
   69    95    0.528
   58    82    0.521
   50    92    0.520
   56    81    0.518
   20    44    0.517
   75    84    0.509
   69    88    0.507
   32    64    0.505
   41    93    0.503
   40    95    0.503
   47    68    0.501
   24    66    0.500
   68    86    0.497
   39    96    0.497
   72    94    0.493
   76    83    0.492
   71    88    0.489
   25    95    0.486
   22    95    0.483
   35    68    0.482
   49    95    0.480
   56    63    0.477
   49    72    0.476
   37    97    0.474
   26    37    0.474
   73    86    0.473
   58    83    0.472
   28    34    0.468
   28    62    0.467
   51    94    0.466
   21    43    0.464
   69    86    0.462
   31    62    0.458
   88    94    0.456
   77    86    0.455
   38    93    0.455
   49    71    0.450
   24    92    0.450
   35    96    0.446
   21    88    0.445
   25    94    0.442
   42    89    0.438
   68    89    0.437
   48    89    0.435
   20    93    0.435
   71    94    0.434
   31    63    0.429
   26    40    0.428
   44    68    0.427
   55    65    0.427
   48    94    0.424
   53    75    0.423
   35    64    0.422
   49    93    0.421
   57    84    0.421
   72    95    0.415
   59    81    0.414
   21    47    0.414
   36    93    0.411
   35    93    0.411
   20    94    0.410
   30    61    0.409
   46    68    0.406
   42    92    0.406
   43    68    0.402
   57    63    0.402
   37    93    0.401
   48    71    0.401
   45    68    0.389
   23    91    0.389
   52    95    0.389
   55    81    0.388
   52    94    0.386
   68    93    0.386
   68    87    0.383
   29    65    0.383
   55    79    0.383
   54    61    0.381
   21    89    0.380
   53    72    0.380
   23    38    0.379
   22    68    0.378
   23    49    0.378
   39    68    0.377
   34    66    0.370
   27    40    0.369
   62    84    0.369
   21    91    0.368
   21    95    0.367
   52    72    0.363
   22    39    0.362
   35    98    0.360
   50    98    0.359
   48    67    0.356
   36    97    0.354
   69    87    0.351
   35    97    0.350
   18    44    0.349
   12    86    0.346
   68    90    0.346
   29    61    0.345
   24    36    0.343
   49    92    0.343
   50    73    0.342
   54    75    0.341
   62    79    0.341
   22    50    0.341
   61    79    0.340
   22    91    0.339
   24    50    0.337
   51    95    0.336
   88    95    0.336
   26    45    0.332
   48    92    0.332
   48    95    0.332
   53    73    0.331
   53    74    0.327
   59    79    0.326
   38    97    0.324
   72    91    0.324
   42    67    0.324
   47    90    0.323
   51    73    0.322
   44    70    0.321
   37    98    0.320
   26    87    0.316
   23    71    0.316
   23    96    0.314
   58    79    0.314
   17    44    0.312
    7    63    0.312
   27    67    0.310
   41    92    0.308
   45    66    0.308
   47    72    0.306
   42    95    0.306
   67    94    0.303
   22    67    0.303
   19    41    0.296
   67    95    0.294
   44    69    0.293
   25    96    0.293
   20    49    0.293
   25    93    0.292
   50    96    0.290
   35    65    0.288
   40    96    0.286
   34    95    0.286
   27    38    0.284
   21    46    0.282
   20    50    0.279
   55    86    0.279
   29    66    0.277
   24    65    0.275
   26    95    0.273
   37    66    0.273
   59    80    0.272
   71    96    0.272
   26    94    0.270
   35    67    0.270
   22    89    0.267
   46    70    0.267
   51    90    0.265
   39    92    0.264
   72    93    0.262
   36    98    0.261
   60    79    0.261
   87    98    0.260
   53    88    0.259
   58    80    0.259
   20    91    0.259
   55    80    0.259
   73    87    0.258
   23    66    0.257
   42    91    0.256
   32    62    0.255
   27    95    0.255
   48    88    0.255
   26    88    0.254
   36    66    0.254
   47    91    0.253
   22    49    0.253
   25    64    0.251
    8    86    0.251
   46    71    0.250
   40    68    0.249
   20    48    0.249
   30    66    0.248
   24    97    0.247
   34    94    0.246
   48    93    0.244
   33    64    0.243
   30    60    0.240
   39    67    0.238
   41    95    0.238
   24    98    0.238
   45    70    0.236
   50    97    0.235
   71    95    0.234
   38    98    0.233
   26    89    0.233
   39    97    0.231
   39    98    0.231
   76    92    0.230
   42    66    0.230
   23    69    0.227
   23    87    0.226
   28    67    0.225
   86    98    0.224
   41    68    0.223
   40    92    0.222
   48    72    0.218
   44    71    0.218
   35    63    0.218
   20    95    0.217
   33    66    0.217
   42    72    0.214
   32    63    0.214
   69    96    0.214
   42    88    0.213
   68    96    0.213
   24    89    0.211
   26    39    0.211
   59    82    0.210
   30    65    0.210
   53    79    0.210
   87    94    0.210
   40    66    0.210
   66    94    0.208
   70    95    0.208
   23    90    0.207
   44    50    0.207
   25    50    0.207
   66    95    0.207
   23    65    0.207
    8    95    0.206
   44    51    0.206
   14    86    0.206
   23    48    0.206
   77    85    0.206
   72    92    0.206
   52    93    0.206
   26    41    0.205
   27    68    0.202
   51    93    0.202
   22    88    0.202
   33    95    0.199
   23    29    0.198
   47    94    0.198
   50    72    0.197
   60    81    0.196
   51    75    0.196
   77    93    0.195
   43    94    0.194
   47    71    0.192
   23    51    0.191
   47    73    0.191
   30    36    0.190
   26    63    0.188
   25    69    0.187
   50    75    0.186
   73    96    0.186
   49    75    0.186
   22    48    0.185
   43    92    0.183
   31    61    0.183
   21    51    0.183
   27    94    0.181
   38    54    0.180
   27    34    0.180
   25    71    0.180
   34    97    0.178
   44    94    0.178
   42    71    0.177
   61    82    0.177
   53    77    0.177
   26    71    0.176
   52    98    0.175
   49    98    0.174
   47    95    0.174
   51    71    0.174
   26    69    0.173
   23    70    0.173
   10    86    0.173
   33    94    0.173
   49    96    0.172
   27    93    0.172
   21    45    0.172
   44    72    0.171
   35    62    0.171
   87    95    0.171
   28    95    0.171
   18    94    0.171
   19    92    0.170
   67    88    0.169
   40    98    0.168
   44    93    0.168
   18    49    0.168
   65    95    0.168
   24    49    0.168
   34    96    0.167
   18    93    0.166
   26    34    0.165
   14    84    0.165
   24    35    0.165
   44    92    0.163
   39    66    0.163
   68    98    0.162
   53    83    0.162
   23    72    0.162
   11    62    0.161
   54    79    0.161
   26    93    0.160
   51    91    0.160
   49    87    0.159
    7    95    0.159
   58    84    0.158
   22    96    0.158
    8    27    0.157
   42    69    0.156
   27    62    0.156
   28    68    0.155
   44    89    0.155
   32    66    0.153
   47    92    0.153
   20    89    0.151
   57    85    0.151
   13    86    0.149
   69    97    0.149
   28    85    0.149
   19    43    0.148
   44    91    0.147
   70    96    0.147
   34    64    0.147
   22    71    0.147
   24    69    0.147
   20    45    0.147
   28    94    0.147
   27    96    0.147
   23    52    0.146
    8    94    0.145
   51    98    0.145
   72    98    0.145
   50    86    0.145
   40    97    0.145
   10    63    0.144
   52    97    0.144
   71    98    0.143
    7    61    0.143
   47    93    0.142
   23    98    0.142
   35    92    0.142
   48    98    0.142
   24    70    0.142
   36    92    0.141
   68    91    0.141
   75    83    0.141
   42    90    0.141
    8    98    0.140
   41    91    0.140
   30    95    0.139
   46    90    0.139
   19    93    0.139
   49    97    0.139
   48    97    0.138
   26    50    0.138
   49    73    0.138
   11    86    0.138
   26    96    0.138
   33    97    0.138
   43    93    0.138
    9    27    0.138
   40    91    0.138
   87    97    0.137
   24    42    0.137
   40    89    0.136
   18    43    0.136
   42    87    0.135
    5    95    0.135
   52    96    0.134
   25    97    0.134
    8    61    0.134
   25    36    0.134
   11    61    0.134
   39    91    0.133
   26    42    0.133
   11    63    0.133
   44    88    0.133
   34    98    0.133
   28    61    0.132
   31    66    0.132
   32    95    0.132
   24    88    0.131
   28    93    0.131
   48    73    0.131
   17    43    0.131
   71    97    0.131
   33    62    0.130
   68    97    0.130
   48    96    0.130
   21    87    0.130
    7    98    0.129
   51    77    0.128
   51    85    0.128
   28    70    0.128
   52    84    0.128
   35    69    0.127
   69    98    0.126
   27    87    0.126
   75    87    0.126
   42    96    0.125
   25    41    0.124
   20    88    0.124
   53    95    0.124
   29    95    0.124
   52    91    0.123
   45    71    0.123
    4    95    0.122
   37    68    0.122
   24    71    0.121
   28    54    0.120
   42    98    0.120
   46    72    0.120
   17    42    0.120
   72    97    0.119
   54    82    0.119
   42    52    0.119
   33    96    0.119
    5    98    0.119
   65    86    0.119
   35    72    0.118
   65    94    0.118
   12    84    0.118
   22    98    0.118
   10    27    0.118
   68    84    0.118
   30    56    0.118
   37    92    0.118
   43    91    0.118
   39    71    0.117
    9    86    0.117
   51    96    0.117
   25    52    0.117
   38    68    0.116
   79    97    0.116
   30    94    0.116
   23    86    0.116
   20    47    0.116
    6    95    0.116
   47    74    0.116
   28    53    0.116
   56    79    0.115
   64    79    0.115
    4    98    0.115
   44    90    0.115
   26    72    0.115
   30    57    0.115
   59    83    0.114
   21    86    0.114
   25    92    0.114
   54    77    0.114
   25    70    0.114
   29    60    0.114
   25    35    0.113
   41    66    0.112
   70    94    0.112
   47    96    0.112
   25    98    0.112
   10    62    0.111
   42    53    0.111
   57    80    0.111
   39    89    0.111
   47    89    0.111
   38    66    0.111
   34    62    0.110
   21    96    0.110
   24    91    0.110
   41    96    0.110
   26    52    0.110
   58    78    0.110
   72    96    0.110
   26    98    0.110
   59    84    0.110
   86    97    0.109
   45    92    0.108
   27    88    0.108
   57    79    0.107
    7    94    0.107
   26    85    0.107
    6    98    0.107
   27    85    0.107
   21    68    0.106
    3    95    0.106
   53    94    0.106
   62    83    0.106
   38    67    0.106
   29    54    0.106
   69    75    0.106
   47    97    0.105
   28    87    0.105
   46    91    0.105
   47    98    0.105
   34    93    0.105
   67    93    0.105
   26    70    0.104
   31    95    0.104
   12    27    0.104
   53    89    0.104
   50    65    0.104
   55    77    0.104
   17    49    0.103
   71    93    0.103
   17    48    0.103
    8    62    0.103
   47    75    0.102
   25    63    0.102
   35    70    0.102
   48    74    0.102
   41    98    0.102
   23    43    0.101
   35    60    0.101
   45    90    0.101
   44    95    0.101
   28    71    0.101
   52    75    0.101
   18    41    0.101
   35    71    0.101
    5    94    0.100
   38    92    0.100
   27    48    0.100
   35    89    0.100
   18    48    0.100
   56    95    0.100
   70    97    0.100
    8    63    0.099
   23    64    0.099
   19    42    0.099
   33    98    0.099
    6    94    0.099
   45    94    0.099
   45    93    0.098
   25    42    0.098
   27    52    0.098
   46    92    0.098
   28    56    0.098
    9    98    0.098
   34    67    0.098
   67    98    0.097
   27    53    0.097
   27    97    0.097
   53    78    0.097
   48    75    0.097
   67    96    0.097
   32    65    0.097
   40    67    0.096
   29    93    0.096
   62    82    0.096
   18    50    0.096
   30    55    0.096
    3    98    0.095
   53    98    0.095
   49    74    0.095
   31    60    0.095
    7    62    0.095
   27    98    0.095
   28    96    0.094
   21    67    0.094
   36    59    0.094
   42    85    0.094
   43    69    0.093
   60    95    0.093
   26    51    0.093
   29    94    0.093
   35    61    0.093
   10    61    0.093
   27    39    0.093
   51    76    0.093
   42    86    0.093
   77    97    0.092
   52    90    0.092
   52    63    0.092
   33    63    0.092
   27    61    0.092
   45    91    0.091
    8    88    0.091
   66    98    0.091
   24    64    0.091
   31    65    0.090
   41    67    0.090
   28    69    0.090
   21    98    0.090
   34    63    0.089
   73    88    0.089
   32    94    0.089
   54    95    0.089
   19    45    0.089
    6    63    0.089
   23    97    0.088
   33    93    0.088
   21    90    0.088
   46    94    0.088
   32    61    0.088
   27    71    0.088
   49    67    0.088
   66    93    0.088
   53    62    0.088
   61    95    0.087
   37    67    0.087
   56    80    0.087
   50    76    0.087
   20    90    0.087
   45    72    0.087
   36    68    0.087
   46    73    0.087
   18    47    0.087
   15    86    0.087
   28    55    0.087
   41    89    0.087
   51    97    0.086
   25    88    0.086
   64    95    0.086
   50    71    0.086
   27    54    0.086
   37    70    0.086
   22    97    0.086
   35    91    0.086
   67    97    0.086
   29    56    0.086
   16    44    0.086
   29    57    0.085
   10    84    0.085
   39    69    0.085
   20    96    0.084
   27    89    0.084
    9    95    0.084
   30    68    0.084
   11    34    0.084
   13    84    0.084
   54    98    0.084
   51    92    0.084
   63    94    0.084
   65    98    0.083
   62    95    0.083
   13    42    0.083
   28    37    0.083
   35    84    0.083
   43    90    0.083
   28    84    0.083
   35    88    0.083
   26    86    0.083
   46    93    0.082
   34    65    0.082
   17    50    0.082
   25    51    0.082
   19    94    0.082
   22    47    0.082
   49    86    0.082
   43    95    0.082
   40    71    0.082
   27    56    0.082
   28    98    0.081
   32    96    0.081
   73    98    0.081
   15    42    0.080
   17    93    0.080
   45    95    0.080
   41    97    0.080
   49    76    0.080
   21    40    0.080
   26    97    0.080
   26    62    0.080
   10    98    0.079
   65    75    0.079
   72    89    0.079
   47    88    0.079
   27    86    0.079
    4    94    0.079
   56    86    0.079
   12    62    0.078
    9    94    0.078
    7    97    0.077
   30    67    0.077
   36    57    0.077
   40    52    0.077
   22    90    0.077
   32    57    0.077
   30    58    0.077
   28    57    0.077
   64    94    0.076
   11    27    0.076
   42    84    0.076
    4    97    0.076
   58    85    0.076
   11    98    0.076
   27    75    0.075
    7    96    0.075
   19    47    0.075
   17    47    0.075
   31    57    0.075
   28    60    0.074
   44    96    0.074
   31    56    0.074
   62    94    0.074
    4    96    0.074
   50    70    0.074
   27    84    0.074
   25    87    0.074
   12    88    0.074
   42    83    0.073
   14    42    0.073
    3    96    0.073
   24    51    0.073
   89    98    0.073
   42    70    0.073
   32    97    0.073
    8    93    0.073
   50    77    0.073
   27    69    0.072
   29    55    0.072
    3    97    0.072
   26    92    0.072
   52    92    0.072
   57    95    0.072
   61    94    0.072
   20    46    0.072
   46    95    0.072
   36    67    0.072
   44    86    0.072
   25    89    0.071
    6    86    0.071
   22    70    0.071
   53    80    0.071
   43    89    0.071
   49    77    0.071
   69    93    0.071
   59    78    0.071
    8    84    0.071
   17    45    0.071
   71    84    0.071
   46    97    0.071
   29    96    0.071
   63    79    0.070
   55    87    0.070
   66    97    0.070
   14    88    0.070
   44    87    0.070
    2    98    0.070
    5    96    0.070
   46    98    0.070
   64    98    0.070
   27    55    0.069
   11    84    0.069
   35    83    0.069
   15    44    0.069
   56    98    0.069
   28    97    0.069
   17    46    0.069
   17    41    0.069
    8    96    0.069
   45    73    0.069
   11    42    0.069
   87    96    0.069
    8    97    0.069
   37    69    0.069
   22    69    0.068
   30    54    0.068
   55    95    0.068
   38    71    0.068
   60    85    0.068
   35    85    0.068
   39    65    0.068
   74    87    0.068
   12    98    0.068
   30    93    0.068
   60    96    0.068
    7    65    0.068
    6    96    0.068
   27    57    0.068
   54    80    0.068
    6    93    0.068
   11    95    0.067
   27    92    0.067
   66    96    0.067
    7    93    0.067
   40    51    0.067
   16    41    0.067
    6    61    0.067
   70    98    0.067
   29    67    0.067
   19    91    0.067
   34    92    0.067
   26    53    0.067
   28    38    0.066
   28    83    0.066
   73    95    0.066
   31    94    0.066
   74    84    0.066
   28    43    0.066
   68    92    0.066
    6    97    0.066
   54    97    0.066
   11    64    0.066
   21    65    0.066
   12    42    0.065
   30    59    0.065
   74    85    0.065
   42    97    0.065
   39    54    0.065
   33    61    0.065
   28    75    0.065
   33    58    0.065
   35    79    0.065
   40    65    0.065
   44    97    0.064
   42    51    0.064
    2    95    0.064
   36    91    0.064
   16    42    0.064
   55    98    0.064
   17    86    0.064
   52    77    0.064
   32    60    0.064
    5    61    0.063
   46    89    0.063
   45    69    0.063
   21    52    0.063
   54    94    0.063
   27    79    0.063
   20    67    0.063
    6    44    0.063
   19    48    0.063
   29    58    0.063
   12    61    0.063
   44    98    0.063
   38    55    0.062
    8    89    0.062
   18    42    0.062
   23    36    0.062
   36    55    0.062
   20    98    0.062
   28    79    0.062
   28    58    0.062
    9    63    0.062
   37    91    0.062
    9    84    0.062
   42    48    0.062
   18    88    0.062
   17    94    0.061
   33    92    0.061
   36    56    0.061
   33    65    0.061
   60    84    0.061
   41    71    0.061
    6    62    0.061
   31    58    0.061
   10    95    0.061
   21    97    0.061
   11    94    0.061
   27    33    0.060
   57    98    0.060
    5    93    0.060
    1    98    0.060
   58    95    0.060
   22    44    0.060
   59    95    0.060
    7    44    0.060
   26    56    0.060
   39    64    0.060
   43    71    0.060
   35    87    0.060
   21    71    0.060
   10    88    0.059
   34    69    0.059
   22    51    0.059
   56    94    0.059
   45    89    0.059
   56    96    0.059
   56    97    0.059
    2    97    0.059
   10    94    0.059
   12    95    0.059
   44    75    0.059
   14    44    0.059
   59    85    0.059
   84    96    0.058
   46    75    0.058
   36    64    0.058
   57    96    0.058
    5    63    0.058
   27    70    0.058
   60    94    0.058
   19    46    0.058
   33    60    0.058
   32    58    0.058
   39    70    0.058
   63    95    0.058
   42    49    0.058
   41    52    0.058
   61    98    0.058
    7    86    0.058
   57    97    0.058
   11    65    0.058
   41    69    0.057
   62    98    0.057
   60    98    0.057
   29    85    0.057
   44    73    0.057
   46    96    0.057
   13    44    0.057
   44    74    0.057
   60    97    0.057
   39    90    0.057
   11    44    0.057
    2    96    0.057
   24    41    0.057
   20    51    0.057
   50    78    0.057
   37    64    0.057
   51    79    0.057
   52    71    0.056
   53    97    0.056
   37    65    0.056
   30    70    0.056
    5    97    0.056
   59    96    0.056
   28    86    0.056
   38    91    0.056
   40    88    0.056
   28    52    0.055
   45    96    0.055
   36    63    0.055
   29    38    0.055
   12    34    0.055
   18    92    0.055
    9    44    0.055
   33    67    0.055
   28    88    0.055
   12    94    0.055
    6    65    0.055
   72    85    0.054
    5    86    0.054
   24    52    0.054
   11    60    0.054
   66    91    0.054
   28    89    0.054
    9    61    0.054
   12    63    0.054
   29    68    0.054
   34    60    0.054
    7    64    0.054
   58    96    0.054
   71    89    0.054
    5    42    0.054
   31    96    0.054
   45    98    0.053
   88    98    0.053
    5    62    0.053
    7    42    0.053
   68    83    0.053
   36    65    0.053
   37    62    0.053
   35    86    0.053
   20    71    0.053
   24    87    0.053
   46    74    0.053
   54    88    0.053
   53    93    0.053
   54    89    0.053
   32    98    0.053
   41    50    0.052
   25    62    0.052
   63    98    0.052
   27    83    0.052
   43    98    0.052
    8    87    0.052
   29    84    0.052
   27    43    0.052
   34    70    0.052
   35    75    0.052
   51    84    0.052
   42    79    0.052
    3    94    0.052
   27    78    0.052
   43    96    0.052
   30    71    0.051
   25    91    0.051
    6    42    0.051
   58    97    0.051
    1    97    0.051
   25    56    0.051
   26    61    0.051
   43    70    0.051
   30    79    0.051
   48    76    0.051
   27    51    0.051
    8    60    0.051
   43    97    0.051
   64    89    0.051
   44    79    0.051
   30    96    0.051
   28    72    0.051
   13    88    0.051
   22    66    0.051
   31    59    0.050
   89    96    0.050
   71    87    0.050
    5    30    0.050
   37    71    0.050
   24    72    0.050
   12    85    0.050
   30    85    0.050
   22    65    0.050
   40    69    0.050
    9    88    0.050
    9    42    0.050
   39    72    0.050
   30    83    0.049
   61    96    0.049
    5    53    0.049
   49    79    0.049
   51    78    0.049
   33    59    0.049
   27    58    0.049
   49    78    0.049
    1    95    0.049
   24    75    0.049
   36    69    0.049
    8    44    0.049
   61    86    0.049
   29    87    0.049
   54    96    0.049
    5    51    0.049
    9    62    0.049
   22    72    0.049
   12    44    0.049
   59    97    0.049
   62    96    0.049
   26    54    0.049
    8    42    0.048
   24    63    0.048
    6    64    0.048
   23    85    0.048
   53    96    0.048
   10    42    0.048
    6    89    0.048
   44    85    0.048
   32    93    0.048
   73    97    0.048
   13    63    0.048
   45    97    0.048
   38    69    0.048
    7    60    0.048
   20    97    0.048
   21    72    0.048
   35    78    0.048
   60    82    0.048
   31    97    0.048
    8    85    0.048
   25    53    0.048
   26    55    0.048
   52    79    0.047
   25    79    0.047
   21    64    0.047
   35    77    0.047
    6    41    0.047
   27    60    0.047
   40    72    0.047
   76    82    0.047
   54    93    0.047
   34    61    0.047
   29    83    0.047
   61    80    0.047
   19    49    0.047
   30    87    0.047
    6    88    0.047
   53    81    0.047
   13    98    0.047
   34    68    0.047
   32    67    0.047
   29    97    0.047
   30    97    0.047
   28    78    0.047
    5    79    0.047
   43    50    0.047
   45    74    0.047
   32    59    0.047
   15    84    0.047
   53    82    0.047
   10    44    0.047
   44    52    0.046
   47    67    0.046
   26    84    0.046
   34    59    0.046
   35    80    0.046
   23    63    0.046
    7    37    0.046
   26    75    0.046
   25    72    0.046
    4    61    0.046
    7    41    0.046
   25    85    0.046
    6    37    0.046
   34    78    0.046
   10    35    0.046
    5    44    0.046
   28    77    0.046
   29    70    0.046
   58    98    0.046
   40    87    0.046
   40    90    0.046
   21    66    0.046
    6    79    0.045
   10    64    0.045
    5    83    0.045
   50    79    0.045
   36    62    0.045
   23    44    0.045
    5    35    0.045
    5    41    0.045
   29    79    0.045
   39    88    0.045
   71    90    0.045
   18    46    0.045
    8    64    0.045
   45    88    0.045
   42    75    0.045
   25    54    0.045
   30    84    0.045
   64    88    0.045
    4    93    0.045
    6    56    0.045
   17    92    0.045
   29    53    0.045
   30    98    0.045
   25    75    0.045
   59    98    0.045
   30    69    0.045
   65    97    0.045
   33    70    0.045
   18    45    0.044
   48    86    0.044
   63    93    0.044
   44    66    0.044
   23    75    0.044
   13    62    0.044
   36    61    0.044
    9    85    0.044
   31    69    0.044
   31    98    0.044
   34    91    0.044
   24    56    0.044
   46    69    0.044
   29    98    0.044
   23    35    0.044
    9    89    0.044
   52    80    0.044
   35    59    0.044
   29    59    0.044
   27    72    0.044
   41    90    0.043
   19    95    0.043
   10    65    0.043
   14    62    0.043
   51    70    0.043
    5    89    0.043
   13    94    0.043
    6    66    0.043
    1    96    0.043
   11    88    0.043
    9    87    0.043
   44    83    0.043
    8    65    0.043
   24    90    0.043
    9    93    0.043
    6    84    0.043
   24    44    0.043
   55    97    0.043
   52    68    0.043
   41    72    0.043
   38    57    0.043
   44    80    0.043
   43    86    0.043
   27    77    0.043
    9    96    0.042
   36    80    0.042
   35    81    0.042
    9    35    0.042
   55    94    0.042
   18    86    0.042
   34    79    0.042
   29    75    0.042
   17    88    0.042
   46    88    0.042
   36    70    0.042
   27    74    0.042
   40    50    0.042
   14    85    0.042
   61    97    0.042
   10    60    0.042
   28    80    0.042
   25    49    0.042
   31    93    0.042
   22    75    0.042
    4    63    0.042
   48    78    0.042
   67    92    0.042
   14    94    0.042
   51    81    0.042
   12    87    0.042
    9    97    0.042
   44    78    0.041
   61    85    0.041
   38    65    0.041
   65    93    0.041
   14    63    0.041
    5    75    0.041
   33    91    0.041
   28    81    0.041
    6    67    0.041
    6    87    0.041
   27    46    0.041
   34    80    0.041
    5    50    0.041
   29    78    0.041
   30    75    0.041
    5    56    0.041
   29    71    0.041
   63    88    0.041
   36    78    0.041
   25    57    0.040
   28    74    0.040
    6    85    0.040
   25    86    0.040
   36    79    0.040
   13    87    0.040
   24    62    0.040
   25    61    0.040
    9    65    0.040
   25    74    0.040
   67    86    0.040
   19    50    0.040
   31    67    0.040
   27    80    0.040
   38    64    0.040
   43    49    0.040
   27    76    0.040
   29    80    0.039
   24    53    0.039
    5    52    0.039
   76    97    0.039
    6    91    0.039
   14    98    0.039
   27    81    0.039
   62    88    0.039
    5    77    0.039
   13    85    0.039
   40    85    0.039
    5    54    0.039
   65    96    0.039
   45    75    0.039
   61    93    0.039
   30    91    0.039
    4    56    0.039
   56    77    0.039
    8    56    0.039
   18    98    0.039
    6    35    0.039
   62    97    0.039
   20    87    0.039
    5    88    0.039
   19    71    0.038
   14    83    0.038
   43    79    0.038
   34    71    0.038
   26    57    0.038
   35    82    0.038
    5    37    0.038
   66    92    0.038
   43    87    0.038
   38    72    0.038
    7    67    0.038
   25    55    0.038
    7    56    0.038
   62    93    0.038
   48    77    0.038
   50    84    0.038
   61    83    0.038
    5    72    0.038
   28    59    0.038
   30    81    0.038
   44    81    0.038
   24    48    0.038
   35    42    0.038
   26    79    0.038
   40    70    0.038
   42    77    0.038
    5    65    0.037
   13    41    0.037
   48    87    0.037
   24    79    0.037
   34    75    0.037
    7    66    0.037
   38    70    0.037
    5    87    0.037
   32    69    0.037
   13    83    0.037
   30    80    0.037
    5    55    0.037
    5    85    0.037
    7    89    0.037
   13    95    0.037
   33    56    0.037
    8    91    0.037
    4    79    0.037
   28    92    0.037
   56    93    0.037
   64    93    0.037
   57    94    0.037
   16    86    0.037
   41    79    0.037
   41    80    0.037
   36    75    0.036
   11    68    0.036
   13    61    0.036
   76    90    0.036
   23    47    0.036
   43    88    0.036
   41    78    0.036
   27    50    0.036
   39    79    0.036
   52    78    0.036
   29    77    0.036
   15    49    0.036
   18    29    0.036
   37    79    0.036
   42    78    0.036
   62    87    0.036
   14    61    0.036
   51    80    0.036
    6    52    0.036
    6    53    0.036
   41    88    0.036
   14    95    0.036
   21    29    0.036
   43    78    0.036
   43    80    0.036
   43    83    0.036
    6    83    0.036
   30    78    0.036
   12    83    0.036
   51    64    0.036
   14    41    0.036
    3    93    0.036
   72    78    0.036
   29    89    0.036
   47    76    0.036
   69    89    0.036
    4    78    0.036
   33    79    0.035
   40    75    0.035
   75    88    0.035
    1    27    0.035
   47    79    0.035
   28    76    0.035
   87    93    0.035
   33    78    0.035
   10    97    0.035
   17    98    0.035
   17    51    0.035
    4    60    0.035
    7    79    0.035
   23    53    0.035
    8    83    0.035
   35    52    0.035
   48    79    0.035
    7    85    0.035
    3    61    0.035
   39    75    0.035
   54    81    0.035
   36    71    0.035
   13    40    0.035
   29    86    0.035
   33    69    0.035
   12    37    0.035
   22    52    0.035
   45    79    0.035
   11    85    0.035
   39    78    0.035
   10    85    0.035
   39    80    0.035
   24    86    0.035
   76    95    0.035
   60    93    0.035
   28    82    0.035
   30    77    0.034
   10    96    0.034
   12    65    0.034
   80    97    0.034
   13    27    0.034
   24    61    0.034
    8    35    0.034
   40    79    0.034
   72    84    0.034
    5    67    0.034
    4    75    0.034
    3    36    0.034
   15    98    0.034
    6    51    0.034
    7    91    0.034
   43    85    0.034
   17    52    0.034
   35    76    0.034
    5    84    0.034
   40    86    0.034
   55    96    0.034
    6    50    0.034
    3    29    0.034
   53    71    0.034
   37    63    0.034
   38    79    0.034
   25    78    0.034
   25    77    0.034
    1     8    0.034
   34    58    0.034
   12    41    0.034
   60    80    0.034
   18    97    0.034
   66    86    0.034
   34    81    0.034
   26    83    0.034
   11    97    0.033
   43    67    0.033
   44    82    0.033
    5    64    0.033
    6    57    0.033
    9    83    0.033
    6    55    0.033
   11    37    0.033
   26    60    0.033
    7    84    0.033
   90    98    0.033
   33    80    0.033
   59    94    0.033
   29    81    0.033
    5    78    0.033
   27    82    0.033
   42    82    0.033
   38    52    0.033
   51    82    0.033
   43    75    0.033
   12    89    0.033
   22    87    0.033
   13    89    0.033
    1    94    0.033
    4    29    0.033
    4    91    0.033
   24    77    0.033
   37    78    0.033
    6    60    0.033
    3    75    0.033
   24    85    0.033
    1     7    0.033
   36    81    0.033
   44    77    0.033
   33    75    0.033
   37    80    0.033
   24    55    0.033
   11    87    0.033
   43    72    0.033
    6    54    0.033
    8    41    0.033
   62    89    0.033
   35    54    0.033
   65    72    0.033
   15    41    0.033
   58    94    0.033
    6    77    0.032
   38    75    0.032
   10    87    0.032
   44    76    0.032
   13    68    0.032
   23    56    0.032
    6    40    0.032
    6    39    0.032
   26    91    0.032
   30    86    0.032
   16    47    0.032
   10    93    0.032
   40    84    0.032
    6    75    0.032
    6    71    0.032
    5    71    0.032
   41    83    0.032
    4    36    0.032
   64    75    0.032
   49    66    0.032
   18    95    0.032
   30    88    0.032
   45    80    0.032
    5    40    0.032
   29    74    0.032
    5    39    0.032
    4    53    0.032
   20    52    0.032
   56    87    0.032
   11    89    0.032
   38    78    0.032
   41    85    0.032
    5    66    0.032
    5    60    0.032
   43    84    0.032
    5    43    0.032
   42    80    0.032
   49    84    0.032
   49    85    0.032
   50    82    0.032
    7    35    0.032
   34    76    0.032
    3    79    0.032
   32    56    0.031
   15    40    0.031
   32    78    0.031
   31    78    0.031
   17    84    0.031
   61    87    0.031
   22    53    0.031
   38    89    0.031
   75    82    0.031
   40    64    0.031
    2    94    0.031
   22    79    0.031
    7    88    0.031
   32    80    0.031
   11    96    0.031
   40    54    0.031
   32    79    0.031
   45    78    0.031
   31    79    0.031
   74    98    0.031
   12    97    0.031
   28    91    0.031
    7    58    0.031
   23    37    0.031
   70    86    0.031
   43    74    0.031
   16    43    0.031
   90    96    0.031
   34    77    0.031
   47    78    0.031
   33    57    0.031
   61    89    0.031
    5    49    0.031
    3    37    0.031
   14    68    0.031
   10    68    0.031
   33    71    0.031
    4    62    0.031
   33    68    0.031
   19    97    0.031
   35    74    0.031
   40    78    0.031
    4    41    0.031
   15    88    0.030
   31    80    0.030
   54    72    0.030
    6    78    0.030
    5    36    0.030
   11    67    0.030
   23    84    0.030
   10    89    0.030
    8    52    0.030
   11    93    0.030
   47    77    0.030
   39    81    0.030
   14    87    0.030
   76    91    0.030
   13    39    0.030
   32    81    0.030
   42    81    0.030
   43    81    0.030
    2    75    0.030
   53    68    0.030
    7    87    0.030
   20    68    0.030
   39    87    0.030
   20    72    0.030
   15    62    0.030
   14    89    0.030
   29    76    0.030
    3    34    0.030
   16    48    0.030
   41    75    0.030
    6    48    0.030
    2    27    0.030
   50    85    0.030
    4    89    0.030
   34    74    0.030
    3    38    0.030
    1    45    0.030
   10    83    0.030
   29    69    0.030
    8    57    0.030
   11    41    0.030
   10    79    0.030
   19    98    0.030
   41    87    0.030
   15    94    0.030
   41    49    0.030
   63    97    0.030
   77    96    0.030
   18    26    0.030
   49    80    0.030
    6    49    0.029
   72    79    0.029
    2    34    0.029
    4    35    0.029
    6    68    0.029
   50    64    0.029
   43    82    0.029
   25    80    0.029
   25    84    0.029
   25    60    0.029
    7    57    0.029
   12    64    0.029
    2    45    0.029
    8    79    0.029
    9    64    0.029
    9    56    0.029
    9    37    0.029
   40    83    0.029
   29    88    0.029
    3    48    0.029
   86    95    0.029
   38    80    0.029
   38    63    0.029
    3    78    0.029
    1    29    0.029
    2    92    0.029
   33    81    0.029
   34    83    0.029
   29    91    0.029
   29    82    0.029
   26    77    0.029
    3    35    0.029
    4    51    0.029
   31    68    0.029
    6    38    0.029
   14    82    0.029
    5    57    0.029
    7    39    0.029
    7    40    0.029
    4    81    0.029
    6    43    0.029
   14    79    0.029
   12    40    0.029
    5    69    0.029
    7    83    0.029
    7    53    0.029
   92    98    0.029
   23    62    0.029
   57    86    0.029
    1    26    0.029
   41    77    0.029
   36    77    0.029
   60    86    0.029
   48    80    0.029
   63    96    0.029
   54    66    0.029
    5    91    0.029
   45    67    0.029
    4    77    0.029
    3    30    0.029
   15    48    0.029
    4    44    0.029
    3    63    0.029
   25    81    0.029
   19    96    0.029
   11    66    0.029
   78    93    0.029
    6    58    0.029
    2    36    0.029
   37    75    0.029
   12    39    0.029
    7    43    0.029
    9    41    0.029
   13    65    0.029
   39    86    0.029
   41    86    0.029
   15    95    0.029
   65    91    0.029
   41    84    0.029
    3    41    0.029
   24    54    0.029
   64    84    0.028
   36    76    0.028
   27    59    0.028
    6    36    0.028
    4    42    0.028
    4    37    0.028
   41    70    0.028
    3    45    0.028
    4    38    0.028
    8    66    0.028
   30    74    0.028
   31    92    0.028
   18    51    0.028
   42    74    0.028
   32    92    0.028
   22    74    0.028
   12    93    0.028
   39    83    0.028
   39    77    0.028
   17    95    0.028
   40    77    0.028
    4    43    0.028
    3    60    0.028
   31    81    0.028
   37    81    0.028
    4    57    0.028
    4    39    0.028
   45    81    0.028
   27    91    0.028
   47    86    0.028
    4    45    0.028
   10    41    0.028
   34    43    0.028
   11    56    0.028
   31    70    0.028
    9    52    0.028
    8    37    0.028
   25    83    0.028
    5    48    0.028
    4    30    0.028
   41    81    0.028
    1    75    0.028
    6    34    0.028
    4    48    0.028
    3    43    0.028
    2    29    0.028
   24    74    0.028
   44    84    0.028
   50    74    0.028
   14    40    0.028
   36    74    0.028
   12    96    0.028
   30    82    0.028
   11    57    0.028
   10    66    0.028
    6    80    0.028
   32    68    0.028
   23    79    0.028
   45    77    0.028
    5    38    0.028
   13    64    0.028
    9    79    0.028
    6    70    0.028
   18    91    0.028
   17    53    0.028
    9    53    0.028
   70    88    0.028
   39    85    0.028
    3    92    0.028
   40    80    0.028
    4    34    0.028
   33    77    0.027
   71    77    0.027
   45    76    0.027
   36    60    0.027
   12    82    0.027
    5    74    0.027
    3    28    0.027
   15    63    0.027
   21    63    0.027
    1    48    0.027
   30    89    0.027
   12    60    0.027
   51    83    0.027
    4    67    0.027
    7    71    0.027
    3    74    0.027
   55    75    0.027
   35    90    0.027
   58    86    0.027
   22    43    0.027
   11    40    0.027
    6    69    0.027
   19    67    0.027
   74    88    0.027
   18    85    0.027
   61    88    0.027
    1    93    0.027
   18    89    0.027
   75    97    0.027
   30    92    0.027
   47    80    0.027
    1    34    0.027
   41    76    0.027
   33    74    0.027
   53    91    0.027
    2    79    0.027
   39    52    0.027
    6    30    0.027
   60    91    0.027
   86    94    0.027
   12    56    0.027
    8    53    0.027
    3    91    0.027
    4    49    0.027
   65    89    0.026
   14    39    0.026
   36    83    0.026
    7    77    0.026
    7    59    0.026
    4    80    0.026
    6    81    0.026
    9    68    0.026
   21    85    0.026
    2    37    0.026
   36    85    0.026
    7    51    0.026
   13    38    0.026
    4    54    0.026
   25    58    0.026
    7    38    0.026
   12    79    0.026
   21    75    0.026
   34    57    0.026
    7    52    0.026
   50    81    0.026
    2    93    0.026
   37    89    0.026
   36    89    0.026
   52    69    0.026
   58    93    0.026
    1    92    0.026
    5    68    0.026
    2    48    0.026
   34    82    0.026
    2    78    0.026
    4    86    0.026
    3    81    0.026
    2    76    0.026
    2    74    0.026
    2    38    0.026
    2    81    0.026
    6    82    0.026
    5    82    0.026
    8    67    0.026
   21    53    0.026
   15    85    0.026
    3    49    0.026
   16    45    0.026
   39    84    0.026
   27    45    0.026
   41    82    0.026
   24    57    0.026
   33    76    0.026
    3    44    0.026
   14    50    0.026
   13    37    0.026
   22    64    0.026
   10    37    0.026
   14    64    0.026
    7    70    0.026
   56    64    0.026
   44    53    0.026
    4    92    0.026
   22    38    0.026
   56    76    0.026
   39    76    0.026
    6    72    0.026
   43    77    0.026
   23    83    0.025
   30    76    0.025
   36    84    0.025
    3    80    0.025
   17    91    0.025
    8    58    0.025
   44    67    0.025
   11    83    0.025
    8    68    0.025
   18    96    0.025
    5    81    0.025
   55    88    0.025
   24    78    0.025
   19    88    0.025
    3    39    0.025
   37    77    0.025
    1    38    0.025
    3    76    0.025
    4    74    0.025
   11    39    0.025
   52    82    0.025
   17    96    0.025
    2    80    0.025
   12    68    0.025
    5    80    0.025
   13    79    0.025
   12    43    0.025
   22    54    0.025
   30    72    0.025
   14    53    0.025
   24    83    0.025
   14    93    0.025
    3    67    0.025
   46    76    0.025
    1    35    0.025
   64    97    0.025
   34    46    0.025
    4    50    0.025
   32    70    0.025
   65    76    0.025
    4    52    0.025
   10    67    0.025
    4    82    0.025
    2    46    0.025
   30    38    0.025
   37    74    0.025
   91    98    0.025
    7    69    0.025
   18    27    0.025
    8    51    0.025
   37    72    0.025
   17    89    0.025
   75    92    0.025
   39    82    0.025
    1    70    0.025
    1    69    0.024
   29    37    0.024
    4    66    0.024
    1    74    0.024
   13    71    0.024
    1    36    0.024
    9    71    0.024
    1    79    0.024
    4    65    0.024
    4    40    0.024
   15    83    0.024
   88    96    0.024
    9    40    0.024
    8    40    0.024
    5    70    0.024
    7    55    0.024
   10    56    0.024
   20    53    0.024
    8    55    0.024
   65    84    0.024
   20    75    0.024
   57    93    0.024
   38    77    0.024
    7    75    0.024
    3    77    0.024
   38    81    0.024
   22    56    0.024
    1    91    0.024
    1    59    0.024
   11    58    0.024
    2    60    0.024
    7    68    0.024
    9    66    0.024
   14    56    0.024
   36    72    0.024
   22    77    0.024
   16    93    0.024
   40    81    0.024
   13    93    0.024
   59    93    0.024
    1    60    0.024
    9    50    0.024
    3    59    0.024
    5    34    0.024
   32    74    0.024
    2    30    0.024
    7    78    0.024
   31    75    0.024
   21    27    0.024
    4    83    0.024
   17    97    0.024
   23    61    0.024
   13    43    0.024
   15    79    0.024
   61    84    0.024
   60    83    0.024
    1    49    0.024
   22    78    0.024
   36    90    0.024
   61    81    0.024
    1    71    0.024
    3    71    0.024
    7    34    0.023
    2    33    0.023
    2    91    0.023
   34    84    0.023
    1    81    0.023
   36    82    0.023
   19    90    0.023
   14    49    0.023
   18    24    0.023
   17    79    0.023
   26    58    0.023
    4    69    0.023
    9    67    0.023
    6    31    0.023
   27    90    0.023
   13    56    0.023
   79    85    0.023
   64    86    0.023
   16    94    0.023
   63    89    0.023
   19    89    0.023
   67    91    0.023
   34    87    0.023
    2    49    0.023
   33    54    0.023
    1    33    0.023
   37    76    0.023
    4    76    0.023
    3    42    0.023
   12    71    0.023
   43    76    0.023
   13    50    0.023
    4    58    0.023
   41    48    0.023
   34    85    0.023
   20    28    0.023
   41    74    0.023
    4    59    0.023
   55    89    0.023
    2    32    0.023
   62    91    0.023
    2    35    0.023
   10    57    0.023
   12    38    0.023
    6    74    0.023
   15    61    0.023
   14    65    0.023
    6    45    0.023
    8    43    0.023
   13    52    0.023
   68    75    0.023
    1    28    0.023
   31    91    0.023
   25    76    0.023
    8    50    0.023
   16    98    0.023
    1    58    0.023
    7    48    0.023
   10    71    0.023
   61    91    0.023
    2    59    0.023
    1    46    0.023
   41    51    0.023
    2    43    0.023
   10    82    0.023
   20    86    0.023
   32    75    0.023
   13    67    0.023
   14    67    0.023
    8    82    0.023
    8    39    0.023
   16    96    0.023
   48    85    0.023
    9    51    0.023
   14    52    0.023
    1    39    0.022
   50    83    0.022
   47    87    0.022
    3    51    0.022
    3    40    0.022
   25    82    0.022
    1    37    0.022
   14    71    0.022
   33    82    0.022
    7    36    0.022
   31    74    0.022
   35    56    0.022
    4    64    0.022
    4    55    0.022
   12    57    0.022
    7    54    0.022
   22    76    0.022
   75    95    0.022
   73    85    0.022
    1    41    0.022
   37    87    0.022
   40    76    0.022
    3    33    0.022
    1    30    0.022
    8    71    0.022
   52    83    0.022
    2    39    0.022
   46    79    0.022
    7    49    0.022
   46    80    0.022
   38    74    0.022
   23    74    0.022
   52    81    0.022
   13    97    0.022
    5    58    0.022
   11    79    0.022
   26    74    0.022
    7    74    0.022
   78    85    0.022
   11    53    0.022
   27    73    0.022
   12    53    0.022
   18    53    0.022
   16    88    0.022
   22    57    0.022
   32    77    0.022
   46    78    0.022
   11    71    0.022
   39    74    0.022
    3    58    0.022
    2    41    0.022
    9    60    0.022
   23    77    0.022
    1    80    0.022
    3    53    0.022
   42    76    0.022
    3    56    0.022
   73    94    0.022
   15    68    0.022
   23    57    0.022
    9    55    0.022
   11    69    0.022
   28    40    0.022
   15    93    0.022
   38    76    0.022
   66    75    0.022
   38    62    0.022
   21    56    0.021
   16    49    0.021
    5    29    0.021
   20    79    0.021
   24    84    0.021
    1    32    0.021
    9    72    0.021
   15    50    0.021
   40    74    0.021
   49    83    0.021
   26    78    0.021
   15    96    0.021
    8    59    0.021
   23    55    0.021
   21    84    0.021
    2    44    0.021
    9    39    0.021
    8    77    0.021
   11    55    0.021
   14    43    0.021
   23    54    0.021
   12    52    0.021
   18    52    0.021
   19    68    0.021
   65    77    0.021
   21    70    0.021
   52    76    0.021
   28    45    0.021
   37    90    0.021
   54    78    0.021
    4    71    0.021
   17    71    0.021
   37    83    0.021
    5    76    0.021
    3    57    0.021
    1    43    0.021
    3    62    0.021
    9    91    0.021
    2    71    0.021
    2    70    0.021
   15    71    0.021
   12    67    0.021
   10    40    0.021
   43    73    0.021
   26    81    0.021
   17    85    0.021
    9    57    0.021
   14    51    0.021
   11    43    0.021
    8    54    0.021
   31    76    0.021
   74    83    0.021
    1    76    0.021
    7    50    0.021
    1    61    0.021
    3    70    0.021
   47    81    0.021
    6    59    0.021
    1    78    0.021
    3    46    0.021
    2    58    0.021
   11    38    0.021
   13    66    0.021
   53    76    0.021
   17    56    0.021
   63    84    0.021
   62    86    0.021
   10    53    0.021
   34    72    0.021
   15    56    0.021
   31    54    0.021
   30    37    0.021
   27    42    0.021
   16    92    0.021
   72    83    0.021
    1    40    0.020
   40    82    0.020
    4    88    0.020
   32    76    0.020
   64    91    0.020
   11    59    0.020
    3    83    0.020
    1    57    0.020
   46    77    0.020
    1     9    0.020
    2    61    0.020
   62    85    0.020
   58    91    0.020
   14    96    0.020
   10    39    0.020
   15    47    0.020
   10    52    0.020
    9    69    0.020
   13    53    0.020
   28    90    0.020
   33    90    0.020
   24    76    0.020
   38    85    0.020
   36    87    0.020
   31    77    0.020
   38    83    0.020
    4    87    0.020
   11    36    0.020
    1    44    0.020
   33    83    0.020
   37    85    0.020
   33    73    0.020
    2    57    0.020
   13    96    0.020
    7    80    0.020
   15    51    0.020
   18    84    0.020
   53    69    0.020
   38    56    0.020
   64    78    0.020
   38    87    0.020
   40    53    0.020
   24    81    0.020
   27    41    0.020
    8    75    0.020
   64    96    0.020
   14    60    0.020
    9    75    0.020
    2    77    0.020
    3    82    0.020
    3    32    0.020
   59    86    0.020
   56    88    0.020
   15    97    0.020
   14    97    0.020
   68    77    0.020
   13    51    0.020
    7    45    0.020
   11    52    0.020
   29    72    0.020
   50    80    0.020
   36    54    0.020
    9    54    0.020
    1    47    0.019
   37    86    0.019
    3    89    0.019
   12    50    0.019
    3    69    0.019
    2    47    0.019
   33    89    0.019
   12    51    0.019
   22    55    0.019
   12    55    0.019
    9    43    0.019
   35    55    0.019
   64    72    0.019
   62    75    0.019
   38    90    0.019
   55    93    0.019
    9    34    0.019
   54    92    0.019
   10    50    0.019
    1    89    0.019
   17    75    0.019
    4    33    0.019
   59    91    0.019
   60    89    0.019
    1    73    0.019
   12    66    0.019
   63    91    0.019
    2    73    0.019
    9    77    0.019
    5    45    0.019
   10    43    0.019
    8    69    0.019
   10    69    0.019
   77    95    0.019
   37    54    0.019
   28    73    0.019
   38    53    0.019
   60    87    0.019
   22    46    0.019
   15    89    0.019
    1    67    0.019
   16    95    0.019
   21    79    0.019
   20    40    0.019
    3    50    0.019
    8    34    0.019
    3    47    0.019
   10    36    0.019
    8    48    0.019
    4    70    0.019
   32    82    0.019
   14    72    0.019
   15    87    0.019
   10    58    0.019
    2    82    0.019
    5    59    0.019
   26    82    0.019
   10    51    0.019
    8    38    0.019
    5    47    0.019
    9    38    0.019
   15    69    0.019
   42    73    0.019
   32    91    0.018
   56    91    0.018
    3    65    0.018
    6    33    0.018
    1    82    0.018
    1    90    0.018
   37    82    0.018
    7    72    0.018
   11    50    0.018
    1    31    0.018
    3    72    0.018
    1    56    0.018
    4    90    0.018
    4    47    0.018
   13    82    0.018
   16    97    0.018
   32    71    0.018
   16    79    0.018
   26    80    0.018
   11    51    0.018
    9    82    0.018
   43    51    0.018
   20    70    0.018
    8    81    0.018
   67    75    0.018
   34    42    0.018
   17    54    0.018
   20    26    0.018
   31    71    0.018
   42    64    0.018
   38    88    0.018
   24    80    0.018
    3    66    0.018
    2    28    0.018
    1    50    0.018
   36    86    0.018
   49    82    0.018
   25    90    0.018
    1    53    0.018
    3    54    0.018
    8    36    0.018
    2    31    0.018
   20    74    0.018
   18    67    0.018
   15    67    0.018
    6    47    0.018
    7    81    0.018
   15    52    0.018
    5    31    0.018
   29    73    0.018
   12    69    0.018
   18    25    0.018
   13    69    0.018
   15    64    0.018
   16    46    0.018
   47    66    0.018
   11    35    0.018
   21    83    0.018
    1    51    0.018
    1    77    0.018
   54    91    0.018
    1    42    0.018
   14    48    0.018
    2    40    0.018
   13    60    0.018
   20    77    0.018
   16    71    0.018
   13    49    0.018
   26    76    0.018
    4    46    0.018
    4    32    0.018
   19    70    0.018
    2    56    0.018
    4    84    0.018
   13    57    0.018
   15    65    0.018
   73    89    0.018
   23    30    0.018
   41    65    0.018
   72    90    0.018
   75    94    0.018
   65    92    0.018
   22    81    0.017
    8    72    0.017
    2    69    0.017
   12    91    0.017
   13    72    0.017
   14    66    0.017
    9    36    0.017
   18    79    0.017
    6    32    0.017
    7    82    0.017
   14    57    0.017
   10    38    0.017
   37    73    0.017
   61    77    0.017
   35    73    0.017
   21    28    0.017
   34    90    0.017
   34    86    0.017
   29    92    0.017
   22    86    0.017
   74    96    0.017
   22    80    0.017
   33    87    0.017
   53    92    0.017
   22    58    0.017
   38    84    0.017
   36    88    0.017
    6    76    0.017
   13    48    0.017
   29    90    0.017
   45    82    0.017
    2    90    0.017
   24    60    0.017
    8    49    0.017
   34    73    0.017
   53    90    0.017
    3    31    0.017
    4    31    0.017
   39    73    0.017
   10    77    0.017
   26    59    0.017
   14    55    0.017
   10    55    0.017
   13    55    0.017
   14    69    0.017
   65    71    0.017
   62    77    0.017
   52    62    0.017
    7    27    0.017
    6    92    0.017
   24    45    0.017
    1    72    0.017
   34    89    0.017
    4    72    0.017
    1    83    0.017
   14    75    0.017
   37    84    0.017
   10    72    0.017
   10    59    0.017
   12    58    0.017
   17    77    0.017
   21    55    0.017
   10    81    0.017
   18    56    0.017
   69    77    0.017
   55    78    0.017
   14    38    0.017
   38    86    0.016
   21    77    0.016
   34    88    0.016
   38    82    0.016
    3    52    0.016
   10    75    0.016
   17    83    0.016
   10    91    0.016
   56    89    0.016
   16    84    0.016
   57    87    0.016
    7    32    0.016
   11    82    0.016
   12    49    0.016
    4    68    0.016
   18    87    0.016
   36    73    0.016
   12    81    0.016
    7    47    0.016
    9    70    0.016
   33    72    0.016
   15    53    0.016
   67    77    0.016
   37    52    0.016
   30    73    0.016
   66    88    0.016
   71    92    0.016
   31    55    0.016
    5    92    0.016
   18    28    0.016
   19    74    0.016
    7    33    0.016
    3    86    0.016
    5    33    0.016
   31    82    0.016
   45    86    0.016
   15    43    0.016
    3    73    0.016
    4    85    0.016
    8    70    0.016
   12    54    0.016
   42    65    0.016
   37    61    0.016
   86    96    0.016
   18    71    0.016
   24    58    0.016
   11    91    0.016
    2    51    0.016
   12    75    0.016
   46    81    0.016
   20    56    0.016
    2    67    0.016
   23    78    0.016
   33    84    0.016
   74    97    0.016
   25    43    0.016
   48    84    0.016
    6    90    0.016
   11    70    0.016
   10    70    0.016
    2    72    0.016
   15    57    0.016
   11    54    0.016
   13    70    0.016
   29    51    0.016
   73    84    0.016
   18    75    0.015
   13    75    0.015
   23    76    0.015
    9    48    0.015
   11    72    0.015
   12    72    0.015
   25    59    0.015
   30    90    0.015
   25    73    0.015
   55    76    0.015
   36    52    0.015
   35    53    0.015
   39    63    0.015
   74    95    0.015
   80    98    0.015
   89    97    0.015
   45    87    0.015
    1    68    0.015
   10    48    0.015
   32    73    0.015
   12    48    0.015
   11    48    0.015
    3    90    0.015
    3    55    0.015
   15    75    0.015
   10    49    0.015
   31    83    0.015
    9    49    0.015
   58    87    0.015
   19    72    0.015
    8    78    0.015
    2    42    0.015
    9    58    0.015
    8    90    0.015
    2    83    0.015
    5    32    0.015
   34    44    0.015
   12    77    0.015
   14    54    0.015
   10    54    0.015
   13    54    0.015
   66    77    0.015
   22    85    0.015
   37    88    0.015
    1    62    0.015
   11    49    0.015
    1    54    0.015
   32    83    0.015
   14    81    0.015
    2    89    0.015
   14    91    0.015
   33    85    0.015
   23    81    0.015
    2    53    0.015
    2    62    0.015
   12    70    0.015
   47    85    0.015
   40    73    0.015
   39    50    0.015
   76    87    0.015
   75    89    0.015
    7    92    0.014
   24    82    0.014
   49    81    0.014
   59    90    0.014
    2    50    0.014
   33    88    0.014
   11    77    0.014
   10    80    0.014
    2    54    0.014
   17    72    0.014
   23    58    0.014
   15    70    0.014
   26    73    0.014
    3    27    0.014
   25    34    0.014
    8    92    0.014
   19    75    0.014
   37    55    0.014
   20    39    0.014
   21    69    0.014
    3    87    0.014
    1    52    0.014
   11    75    0.014
   20    78    0.014
   17    57    0.014
   17    67    0.014
   16    83    0.014
   21    62    0.014
   21    54    0.014
   14    77    0.014
   15    66    0.014
   17    55    0.014
   15    55    0.014
   28    48    0.014
   79    93    0.014
   86    93    0.014
   31    90    0.014
   60    92    0.014
    3    64    0.014
   71    85    0.014
   60    90    0.014
   15    82    0.014
   59    87    0.014
   18    72    0.014
   17    68    0.014
    6    46    0.014
    2    63    0.014
    9    78    0.014
   17    62    0.014
   22    63    0.014
    8    80    0.014
    8    74    0.014
   13    45    0.014
   12    45    0.014
   24    73    0.014
   18    54    0.014
   35    57    0.014
   48    66    0.014
   59    92    0.013
   19    79    0.013
   60    88    0.013
   48    81    0.013
    1    66    0.013
    3    68    0.013
   11    81    0.013
   57    91    0.013
    3    84    0.013
    1    10    0.013
    1    11    0.013
   38    73    0.013
   14    58    0.013
   15    72    0.013
   20    65    0.013
   13    77    0.013
   14    45    0.013
   14    70    0.013
    9    80    0.013
   17    70    0.013
   18    57    0.013
    8    45    0.013
   63    87    0.013
   63    85    0.013
   58    92    0.013
   21    57    0.013
   16    75    0.013
    1    55    0.013
   13    81    0.013
   17    78    0.013
   14    80    0.013
   12    59    0.013
   16    56    0.013
    7    90    0.013
   41    54    0.013
   73    83    0.013
   11    45    0.013
   67    76    0.013
   64    71    0.013
   46    67    0.013
   45    51    0.013
   34    56    0.013
   75    96    0.013
   22    83    0.013
    8    33    0.013
    3    88    0.013
   22    37    0.013
   15    60    0.013
   15    81    0.013
   17    61    0.013
    9    81    0.013
   14    47    0.013
   23    80    0.013
   17    74    0.013
    4    73    0.013
   16    62    0.013
    9    74    0.013
   26    90    0.013
   23    73    0.013
   16    40    0.013
   35    41    0.013
   34    54    0.013
   72    80    0.013
   57    78    0.013
   88    97    0.012
    7    76    0.012
    1    88    0.012
   47    82    0.012
   48    83    0.012
   17    87    0.012
   45    83    0.012
   33    86    0.012
   17    82    0.012
    1    12    0.012
   13    91    0.012
   22    73    0.012
   20    66    0.012
   23    82    0.012
   20    57    0.012
   12    80    0.012
   15    77    0.012
   16    70    0.012
   41    73    0.012
   39    53    0.012
   69    91    0.012
   22    29    0.012
   26    33    0.012
   57    92    0.012
   22    82    0.012
   56    92    0.012
   31    87    0.012
    1    87    0.012
   16    82    0.012
   21    61    0.012
    3    85    0.012
   23    60    0.012
   13    58    0.012
   10    78    0.012
    5    90    0.012
   16    91    0.012
    9    45    0.012
   17    63    0.012
    7    31    0.012
   69    76    0.012
   18    68    0.012
   20    85    0.012
   15    91    0.012
   58    90    0.012
    9    59    0.012
   20    55    0.012
   19    51    0.012
   15    58    0.012
    5    46    0.012
   15    80    0.012
    7    46    0.012
   17    69    0.012
   13    47    0.012
    5    73    0.012
   15    54    0.012
   12    36    0.012
   15    39    0.012
   75    93    0.012
   71    79    0.012
   26    32    0.012
   54    67    0.011
   91    97    0.011
   62    92    0.011
   27    49    0.011
    1    65    0.011
   48    82    0.011
   22    62    0.011
    2    52    0.011
    2    66    0.011
   11    80    0.011
    2    55    0.011
   18    77    0.011
   16    85    0.011
   14    78    0.011
   16    69    0.011
   20    54    0.011
   16    57    0.011
   15    78    0.011
   11    47    0.011
   12    47    0.011
    8    47    0.011
    2    26    0.011
   35    50    0.011
   69    79    0.011
   69    78    0.011
   69    90    0.011
   21    39    0.011
   76    93    0.011
   19    77    0.011
   19    25    0.011
   57    89    0.011
    1    63    0.011
   17    80    0.011
   16    67    0.011
   13    78    0.011
   16    74    0.011
   15    45    0.011
   10    74    0.011
   12    74    0.011
   10    45    0.011
   15    74    0.011
   66    90    0.011
   43    52    0.011
   22    28    0.011
   69    84    0.011
   71    78    0.011
   68    85    0.011
   76    88    0.011
   61    92    0.011
   33    42    0.011
   22    59    0.011
   31    73    0.011
   17    81    0.011
   16    78    0.011
   31    84    0.011
   31    85    0.011
   18    90    0.011
   13    80    0.011
   12    78    0.011
   23    45    0.011
   13    34    0.011
   12    31    0.011
   37    56    0.011
   34    41    0.011
   74    94    0.011
   21    30    0.011
   21    74    0.010
   19    78    0.010
   65    90    0.010
   64    92    0.010
   31    89    0.010
   54    90    0.010
    1    84    0.010
   26    49    0.010
   14    59    0.010
   46    86    0.010
   11    78    0.010
    2    65    0.010
    2    87    0.010
   18    61    0.010
   20    64    0.010
   15    46    0.010
    9    47    0.010
   66    76    0.010
   43    53    0.010
   35    51    0.010
   71    91    0.010
   51    63    0.010
   32    90    0.010
   20    83    0.010
   76    96    0.010
   16    77    0.010
   22    60    0.010
   57    76    0.010
    1    86    0.010
   17    90    0.010
   13    74    0.010
   10    47    0.010
   14    34    0.010
   58    75    0.010
   66    72    0.010
   70    76    0.010
   44    65    0.010
   42    63    0.010
   67    89    0.010
   28    42    0.010
   17    28    0.010
   28    39    0.010
   21    78    0.010
   32    87    0.010
   18    83    0.010
   46    87    0.010
   20    81    0.010
    1    85    0.010
   20    80    0.010
   20    58    0.010
   13    59    0.010
   16    61    0.010
   22    61    0.010
   19    66    0.010
   11    74    0.010
   19    69    0.010
    2    84    0.010
   14    74    0.010
   34    40    0.010
   63    83    0.010
   30    39    0.009
   28    41    0.009
   20    76    0.009
   57    88    0.009
   16    81    0.009
   17    60    0.009
   16    50    0.009
   75    98    0.009
   62    90    0.009
   32    84    0.009
   16    80    0.009
   17    66    0.009
   16    63    0.009
    1    25    0.009
   29    40    0.009
   20    30    0.009
   36    53    0.009
   17    26    0.009
   69    92    0.009
   51    74    0.009
   31    37    0.009
   15    92    0.009
   72    82    0.009
   90    97    0.009
   62    81    0.009
   20    84    0.009
   55    91    0.009
   26    43    0.009
   16    68    0.009
   36    58    0.009
    2    88    0.009
   18    55    0.009
   62    78    0.009
   18    65    0.009
   18    66    0.009
   16    58    0.009
   84    98    0.009
   39    56    0.009
   39    55    0.009
   44    64    0.009
   73    93    0.009
   37    53    0.009
   57    77    0.009
   20    29    0.009
   50    63    0.009
   74    89    0.009
   25    48    0.009
   19    76    0.009
   16    89    0.009
   19    86    0.009
   21    58    0.009
   46    82    0.009
   18    81    0.009
    1    64    0.009
   18    78    0.009
   19    73    0.009
   61    90    0.009
   18    80    0.009
   17    58    0.009
   19    52    0.009
   56    65    0.009
    2    86    0.009
   18    58    0.009
   25    45    0.009
   59    89    0.009
    2    85    0.009
   16    53    0.009
   32    72    0.009
   18    63    0.009
   55    67    0.008
   25    44    0.008
   65    74    0.008
   24    59    0.008
   65    79    0.008
   31    88    0.008
   64    83    0.008
    2     8    0.008
   17    76    0.008
    8    76    0.008
   18    60    0.008
    2    68    0.008
   47    83    0.008
   58    89    0.008
   18    74    0.008
   64    80    0.008
   17    65    0.008
   20    63    0.008
    6    27    0.008
   31    43    0.008
   64    70    0.008
   40    48    0.008
   34    52    0.008
   56    78    0.008
   40    55    0.008
   20    27    0.008
   33    52    0.008
   35    43    0.008
   54    76    0.008
   22    84    0.008
   62    80    0.008
   19    87    0.008
   20    60    0.008
   16    87    0.008
   57    90    0.008
   19    58    0.008
   53    61    0.008
   18    82    0.008
   45    85    0.008
   19    57    0.008
   16    60    0.008
   31    86    0.008
   32    85    0.008
   11    46    0.008
   31    72    0.008
    6    73    0.008
   55    66    0.008
   15    27    0.008
   10    34    0.008
    4    28    0.008
    6    14    0.008
   34    55    0.008
   63    77    0.008
   64    77    0.008
   36    42    0.008
   76    89    0.008
   29    39    0.008
   78    86    0.008
   21    76    0.008
   30    52    0.008
   19    80    0.008
   20    61    0.008
   19    56    0.008
   58    88    0.008
    9    76    0.008
   32    89    0.008
   12    90    0.008
   18    64    0.008
   14    46    0.008
   16    52    0.008
   18    70    0.008
   18    62    0.008
   65    83    0.008
   37    57    0.007
   15    35    0.007
   40    49    0.007
   74    93    0.007
   63    69    0.007
   46    66    0.007
   39    51    0.007
   68    76    0.007
   63    86    0.007
   40    56    0.007
   32    54    0.007
   55    69    0.007
   28    50    0.007
   32    88    0.007
   20    82    0.007
   56    90    0.007
   30    40    0.007
   16    72    0.007
    2    64    0.007
   15    59    0.007
   58    76    0.007
   20    69    0.007
   23    59    0.007
   17    64    0.007
   29    43    0.007
   13    46    0.007
    7    73    0.007
   63    71    0.007
   27    44    0.007
   41    47    0.007
   76    94    0.007
   42    54    0.007
   35    44    0.007
   33    43    0.007
   66    84    0.007
   58    77    0.007
   73    79    0.007
   21    81    0.007
    9    92    0.007
   19    81    0.007
   24    43    0.007
   47    84    0.007
   10    90    0.007
   16    66    0.007
    8    46    0.007
   14    27    0.007
    8    32    0.007
   77    94    0.007
   19    26    0.007
   63    82    0.007
   36    51    0.007
   54    60    0.007
   21    80    0.007
   63    92    0.007
   64    90    0.007
   32    86    0.007
   19    54    0.007
   16    51    0.007
   16    65    0.007
    9    90    0.007
   20    62    0.007
   19    65    0.007
   16    54    0.007
   12    46    0.007
   26    44    0.006
   17    25    0.006
   70    93    0.006
   69    85    0.006
   28    51    0.006
   55    92    0.006
   21    60    0.006
   21    82    0.006
   45    84    0.006
   10    76    0.006
   15    76    0.006
   20    59    0.006
   16    55    0.006
   27    47    0.006
   59    88    0.006
   10    46    0.006
    9    46    0.006
   33    46    0.006
   34    53    0.006
   33    55    0.006
   70    89    0.006
   17    27    0.006
   86    92    0.006
   63    81    0.006
   43    66    0.006
   64    85    0.006
   65    88    0.006
   38    58    0.006
   10    92    0.006
   38    51    0.006
   22    35    0.006
   30    41    0.006
   76    98    0.006
   63    78    0.006
   24    34    0.006
   12    76    0.006
   17    59    0.006
   14    76    0.006
   16    59    0.006
   19    53    0.006
   67    90    0.006
   20    73    0.006
   39    57    0.006
   35    58    0.006
   68    79    0.006
   15    26    0.006
   42    62    0.006
   41    53    0.006
   49    65    0.006
   17    23    0.006
   79    86    0.006
   11    92    0.006
   12    92    0.006
   85    94    0.006
   57    75    0.006
   16    76    0.006
   22    30    0.006
   11    76    0.006
   19    55    0.006
   18    76    0.006
   18    69    0.006
   26    48    0.006
   24    30    0.006
   14    90    0.006
   18    59    0.006
   78    97    0.006
   57    64    0.006
   30    43    0.006
   66    89    0.005
   75    81    0.005
   19    30    0.005
   15    24    0.005
   54    68    0.005
   45    52    0.005
   19    82    0.005
   19    59    0.005
   29    41    0.005
   85    95    0.005
   32    43    0.005
   41    56    0.005
   13    76    0.005
   36    49    0.005
   16    64    0.005
   11    90    0.005
   46    85    0.005
   65    82    0.005
   63    80    0.005
   45    65    0.005
   33    41    0.005
   44    63    0.005
   53    70    0.005
   72    81    0.005
   73    90    0.005
   34    51    0.005
   35    49    0.005
   67    87    0.005
   39    62    0.005
   63    72    0.005
   14    92    0.005
   19    28    0.005
   19    60    0.005
   65    85    0.005
   19    85    0.005
    9    33    0.005
   75    90    0.005
   13    35    0.005
   19    27    0.005
   67    78    0.005
   31    40    0.005
   40    62    0.005
   42    55    0.005
   29    52    0.005
   74    80    0.005
   73    80    0.005
   55    74    0.005
   19    83    0.005
   39    61    0.005
   19    64    0.005
   13    90    0.005
   59    77    0.005
    8    73    0.005
   17    24    0.004
   33    53    0.004
   30    53    0.004
   70    87    0.004
   55    68    0.004
   14    35    0.004
   28    44    0.004
   31    41    0.004
   32    52    0.004
   70    77    0.004
   29    42    0.004
   40    57    0.004
   75    91    0.004
   13    92    0.004
   21    37    0.004
   25    46    0.004
   21    59    0.004
   85    98    0.004
   22    36    0.004
    2     9    0.004
   19    61    0.004
   16    90    0.004
   19    84    0.004
   12    30    0.004
   43    60    0.004
    9    73    0.004
   17    73    0.004
   77    92    0.004
   36    50    0.004
   68    74    0.004
   69    80    0.004
   79    95    0.004
   77    89    0.004
   45    53    0.004
   34    50    0.004
   67    84    0.004
   43    65    0.004
   78    95    0.004
   41    64    0.004
   55    72    0.004
   40    63    0.004
   32    42    0.004
   28    49    0.004
   64    74    0.004
   19    29    0.004
   77    87    0.004
   83    95    0.004
   61    78    0.004
   24    47    0.004
   29    49    0.004
   18    39    0.004
   33    44    0.004
   85    96    0.004
   71    83    0.004
   24    31    0.004
   46    83    0.004
   10    73    0.004
   12    73    0.004
   16    73    0.004
   15    73    0.004
   33    50    0.004
   66    74    0.004
   34    45    0.004
   39    58    0.004
   32    55    0.004
   67    74    0.004
   42    56    0.004
   33    51    0.004
   79    96    0.004
   31    42    0.004
   25    31    0.004
   47    65    0.004
   33    40    0.004
   33    49    0.004
   41    55    0.004
   44    62    0.004
   30    51    0.004
   68    78    0.004
   64    87    0.004
   29    50    0.004
   38    50    0.004
   15    25    0.004
   77    98    0.004
   15    23    0.004
   16    27    0.004
   14    23    0.004
   64    81    0.004
   15    90    0.004
   63    90    0.004
    3     9    0.004
   11    73    0.004
   59    76    0.004
   13    73    0.004
   34    49    0.003
   37    51    0.003
   32    53    0.003
   37    58    0.003
   60    78    0.003
   13    24    0.003
   36    43    0.003
   25    32    0.003
   78    96    0.003
   70    79    0.003
   64    82    0.003
   16    24    0.003
   42    61    0.003
   41    63    0.003
   16    26    0.003
   25    47    0.003
   16    25    0.003
   43    63    0.003
   32    41    0.003
   52    70    0.003
   74    82    0.003
   41    62    0.003
   39    49    0.003
   12    35    0.003
   52    73    0.003
   83    96    0.003
   15    34    0.003
   63    75    0.003
   83    98    0.003
   85    97    0.003
   70    92    0.003
   21    73    0.003
    2    10    0.003
   84    94    0.003
   41    57    0.003
   19    63    0.003
   55    90    0.003
   14    73    0.003
    6    12    0.003
   73    91    0.003
   31    52    0.003
   63    70    0.003
   52    74    0.003
   43    62    0.003
   49    64    0.003
   56    75    0.003
   18    35    0.003
   78    94    0.003
   44    54    0.003
   33    39    0.003
   32    49    0.003
   40    61    0.003
   14    25    0.003
   62    76    0.003
   29    44    0.003
   25    33    0.003
   48    65    0.003
   85    93    0.003
   12    23    0.003
   30    49    0.003
   22    45    0.003
    2    11    0.003
   47    53    0.003
   55    71    0.003
   24    33    0.003
   81    97    0.003
   18    40    0.003
   14    21    0.003
    2    20    0.003
   55    73    0.003
   10    31    0.003
   16    35    0.003
   33    48    0.003
   37    43    0.003
   31    38    0.003
   49    63    0.003
   43    64    0.003
   43    55    0.003
   66    87    0.003
   30    50    0.003
   74    91    0.003
   73    92    0.003
   32    51    0.003
   37    50    0.003
   71    80    0.003
   65    80    0.003
   35    45    0.003
   70    78    0.003
   70    91    0.003
   66    85    0.003
   14    30    0.003
   61    76    0.003
   78    98    0.003
   37    48    0.003
   79    94    0.003
   17    39    0.003
   29    48    0.003
    1    20    0.003
   23    46    0.003
   84    97    0.003
   13    23    0.003
   19    39    0.003
   26    47    0.003
   19    62    0.003
   46    84    0.003
   68    82    0.003
   37    44    0.003
   11    31    0.003
   65    78    0.002
   40    58    0.002
   65    73    0.002
   44    61    0.002
    6    26    0.002
   43    54    0.002
   35    48    0.002
    9    26    0.002
   54    71    0.002
   31    53    0.002
   67    79    0.002
   80    95    0.002
   38    59    0.002
   65    87    0.002
   67    85    0.002
   54    74    0.002
    1    24    0.002
   14    24    0.002
   79    98    0.002
    1    22    0.002
   41    61    0.002
   80    96    0.002
   32    40    0.002
   43    56    0.002
   64    76    0.002
   22    34    0.002
   13    30    0.002
   74    90    0.002
   46    52    0.002
   16    23    0.002
   32    39    0.002
   70    90    0.002
   32    38    0.002
   63    76    0.002
   52    61    0.002
   13    21    0.002
   83    97    0.002
   29    45    0.002
    3    11    0.002
    3    10    0.002
   20    37    0.002
    2    13    0.002
    2    12    0.002
   38    60    0.002
   21    38    0.002
   73    82    0.002
    8    30    0.002
   36    44    0.002
    6    13    0.002
   10    32    0.002
    6    15    0.002
   39    59    0.002
   24    46    0.002
   10    26    0.002
   34    48    0.002
   45    64    0.002
   40    60    0.002
    9    28    0.002
   67    73    0.002
   35    46    0.002
    8    26    0.002
    1    21    0.002
   43    61    0.002
   54    69    0.002
   17    35    0.002
   28    47    0.002
    7    26    0.002
   81    95    0.002
   65    81    0.002
   38    49    0.002
    3    24    0.002
   29    46    0.002
   32    48    0.002
   21    35    0.002
   14    36    0.002
   50    62    0.002
   82    95    0.002
   70    84    0.002
   39    60    0.002
   13    36    0.002
   24    32    0.002
   16    34    0.002
   19    40    0.002
   20    38    0.002
   11    30    0.002
    9    30    0.002
   82    98    0.002
   43    57    0.002
   15    31    0.002
    3    12    0.002
    3    14    0.002
   18    73    0.002
   12    32    0.002
    8    31    0.002
   37    59    0.002
   32    44    0.002
    8    28    0.002
   33    45    0.002
    6    28    0.002
   26    46    0.002
    6    23    0.002
   41    58    0.002
   42    57    0.002
   30    42    0.002
   80    94    0.002
    7    24    0.002
   10    28    0.002
   32    45    0.002
   31    51    0.002
   60    77    0.002
   40    59    0.002
    6    24    0.002
    1    18    0.002
   15    30    0.002
   19    35    0.002
   40    46    0.002
   74    92    0.002
    7    28    0.002
   40    47    0.002
   63    74    0.002
   66    79    0.002
   11    28    0.002
   30    44    0.002
    3    26    0.002
   46    65    0.002
   32    50    0.002
   16    39    0.002
   82    94    0.002
   81    96    0.002
   61    75    0.002
   82    96    0.002
   69    83    0.002
   81    98    0.002
   56    74    0.002
   11    29    0.002
    3    25    0.002
   42    60    0.002
   32    46    0.002
   10    30    0.002
    4    27    0.002
   31    39    0.002
   51    62    0.002
   82    97    0.002
   80    93    0.002
   16    30    0.002
   15    21    0.002
    3    13    0.002
   10    21    0.002
   16    31    0.002
   84    95    0.002
    9    31    0.002
   30    47    0.001
   14    26    0.001
   17    37    0.001
   12    28    0.001
   81    94    0.001
   33    47    0.001
   30    46    0.001
    1    15    0.001
   17    30    0.001
    1    17    0.001
   48    54    0.001
   56    68    0.001
   15    36    0.001
   44    56    0.001
   66    83    0.001
    1    23    0.001
    2    25    0.001
   60    76    0.001
    7    23    0.001
   30    48    0.001
   29    47    0.001
   32    47    0.001
    4    26    0.001
    1    19    0.001
   37    49    0.001
    6    25    0.001
   11    26    0.001
   62    68    0.001
   17    34    0.001
    8    24    0.001
    5    26    0.001
   12    26    0.001
   13    28    0.001
   42    58    0.001
   14    28    0.001
   77    90    0.001
   44    55    0.001
   38    61    0.001
   30    45    0.001
    1    16    0.001
    7    25    0.001
    9    24    0.001
   14    37    0.001
   85    91    0.001
   43    59    0.001
    6    21    0.001
   12    21    0.001
   73    81    0.001
   17    40    0.001
    7    30    0.001
    3    20    0.001
   36    47    0.001
   16    36    0.001
   14    31    0.001
   43    58    0.001
   71    82    0.001
   31    44    0.001
    5    27    0.001
   31    49    0.001
   78    87    0.001
   12    33    0.001
   38    44    0.001
   81    93    0.001
   58    64    0.001
   56    66    0.001
   60    75    0.001
   10    18    0.001
   10    33    0.001
   57    65    0.001
   54    73    0.001
    7    19    0.001
    1    14    0.001
    6    29    0.001
   68    80    0.001
   67    80    0.001
   13    26    0.001
   71    81    0.001
   47    54    0.001
    8    25    0.001
   66    73    0.001
   14    22    0.001
    5    24    0.001
   36    48    0.001
   13    29    0.001
   34    47    0.001
    4    24    0.001
   39    46    0.001
    8    23    0.001
   31    48    0.001
   10    29    0.001
    9    23    0.001
   12    29    0.001
   56    69    0.001
   17    29    0.001
   31    45    0.001
   16    33    0.001
   41    59    0.001
   13    22    0.001
    3    21    0.001
   18    34    0.001
   15    33    0.001
   67    83    0.001
   31    47    0.001
   41    60    0.001
   47    64    0.001
   68    81    0.001
   17    33    0.001
    4    21    0.001
   28    46    0.001
   18    37    0.001
    2    23    0.001
    3    23    0.001
   44    58    0.001
    7    29    0.001
   16    28    0.001
   36    46    0.001
   77    91    0.001
    4    25    0.001
   16    37    0.001
   44    60    0.001
    9    29    0.001
    2    24    0.001
   39    48    0.001
   46    53    0.001
    2    21    0.001
   15    22    0.001
   31    46    0.001
   14    33    0.001
   16    22    0.001
   15    37    0.001
   31    50    0.001
    2    22    0.001
    5    21    0.001
    4    23    0.001
    1    13    0.001
   14    29    0.001
   44    57    0.001
   15    28    0.001
    5    28    0.001
    3    22    0.001
   42    59    0.001
   70    80    0.001
    9    25    0.001
    8    29    0.001
   37    60    0.001
    3    16    0.001
    6    22    0.001
   23    34    0.001
   39    45    0.001
    9    21    0.001
   37    47    0.001
   74    81    0.001
   13    31    0.001
   11    33    0.001
    7    21    0.001
   80    86    0.001
   36    45    0.001
   21    36    0.001
   11    21    0.001
   77    88    0.001
    3    15    0.001
    9    32    0.001
    7    15    0.001
    8    18    0.001
   58    71    0.001
   10    16    0.001
    6    16    0.001
   46    64    0.001
   45    57    0.001
   67    81    0.001
   45    62    0.001
   56    71    0.001
    4    14    0.001
   17    38    0.001
   47    63    0.001
   11    24    0.001
   67    82    0.001
   46    63    0.001
   11    22    0.001
   66    80    0.001
   18    30    0.001
    4    15    0.001
   13    33    0.001
    3    17    0.001
   12    24    0.001
   48    64    0.001
   11    25    0.001
   10    25    0.001
   18    33    0.001
    3    18    0.001
   49    62    0.001
   20    35    0.001
   17    31    0.001
    2    17    0.001
    5    25    0.001
   21    33    0.001
   14    20    0.001
   20    34    0.001
    3    19    0.001
   69    82    0.001
   38    48    0.001
    2    15    0.001
   17    32    0.001
    2    18    0.001
   12    22    0.001
   66    81    0.001
    4    18    0.001
   57    72    0.001
    2    16    0.001
   70    85    0.001
   44    59    0.001
   16    29    0.001
   37    46    0.001
    5    23    0.001
   62    69    0.001
    4    20    0.001
   13    32    0.001
   45    58    0.001
   56    67    0.001
   20    36    0.001
   14    32    0.001
   57    74    0.001
   13    20    0.001
   56    72    0.001
   15    32    0.001
   12    20    0.001
   16    32    0.001
   23    31    0.001
   18    36    0.001
   15    29    0.001
   35    47    0.001
    8    21    0.001
    7    22    0.001
   11    23    0.001
   45    61    0.001
   69    81    0.001
    4    10    0.001
   11    18    0.001
    4    12    0.001
   10    24    0.001
   55    70    0.001
   48    63    0.001
    6    20    0.001
   85    92    0.001
   12    18    0.001
   15    38    0.001
   45    63    0.001
   12    25    0.001
    4    22    0.001
   10    23    0.001
    4    11    0.001
   37    45    0.001
   66    78    0.001
   62    74    0.001
    2    19    0.001
   19    34    0.001
   17    36    0.001
    4    13    0.001
   45    54    0.001
   62    72    0.001
   79    91    0.001
    9    17    0.001
   83    94    0.001
    8    15    0.001
    9    15    0.001
    8    14    0.001
    8    22    0.001
    6    17    0.001
   10    19    0.001
    8    16    0.001
    7    14    0.001
   11    17    0.001
   46    54    0.001
   10    17    0.001
   84    93    0.001
   53    60    0.001
    8    17    0.001
   22    33    0.001
   54    70    0.000
    6    19    0.000
   20    33    0.000
   47    55    0.000
   46    58    0.000
   19    38    0.000
   84    91    0.000
    9    16    0.000
   59    75    0.000
   19    31    0.000
   56    70    0.000
   20    32    0.000
   79    87    0.000
   48    55    0.000
    4    17    0.000
   58    73    0.000
   21    31    0.000
    6    18    0.000
    5    13    0.000
    9    22    0.000
   45    56    0.000
   70    82    0.000
    2    14    0.000
   63    73    0.000
   18    32    0.000
   57    70    0.000
    4    16    0.000
   58    74    0.000
   51    61    0.000
    5    19    0.000
   20    31    0.000
   62    71    0.000
   16    38    0.000
   18    31    0.000
   61    73    0.000
   78    91    0.000
   19    32    0.000
   48    56    0.000
   19    33    0.000
    8    20    0.000
    9    20    0.000
    4    19    0.000
   62    70    0.000
    5    12    0.000
   66    82    0.000
   47    56    0.000
   78    92    0.000
   57    71    0.000
   49    61    0.000
   61    74    0.000
   10    20    0.000
   13    19    0.000
   46    62    0.000
   80    92    0.000
    5    22    0.000
   21    34    0.000
   11    20    0.000
   49    56    0.000
   45    59    0.000
    5    14    0.000
   39    47    0.000
    7    20    0.000
   46    61    0.000
   60    74    0.000
   57    73    0.000
   18    38    0.000
    9    18    0.000
    5    15    0.000
    5    20    0.000
   78    90    0.000
   11    32    0.000
   64    73    0.000
   47    62    0.000
   49    55    0.000
   46    59    0.000
   60    72    0.000
   56    73    0.000
   38    46    0.000
   79    92    0.000
   58    72    0.000
   11    19    0.000
    5    11    0.000
   45    55    0.000
   10    22    0.000
   19    36    0.000
   12    19    0.000
    5    18    0.000
   70    83    0.000
   46    60    0.000
   45    60    0.000
    5    17    0.000
   48    62    0.000
   59    72    0.000
   13    25    0.000
   57    69    0.000
   19    37    0.000
    7    17    0.000
   52    60    0.000
    7    16    0.000
   22    32    0.000
    8    19    0.000
   22    31    0.000
   23    33    0.000
   82    88    0.000
   52    59    0.000
   82    93    0.000
   21    32    0.000
   60    69    0.000
   48    58    0.000
   80    89    0.000
   58    66    0.000
   59    68    0.000
   57    68    0.000
   50    59    0.000
   46    57    0.000
   58    68    0.000
   57    67    0.000
   53    59    0.000
   84    90    0.000
    7    18    0.000
   48    57    0.000
   79    88    0.000
   59    67    0.000
   58    67    0.000
   80    90    0.000
   81    89    0.000
   83    93    0.000
   60    70    0.000
   60    71    0.000
   83    89    0.000
   60    67    0.000
   50    60    0.000
   46    56    0.000
   83    92    0.000
   61    72    0.000
   57    66    0.000
   50    57    0.000
   79    90    0.000
   23    32    0.000
   60    66    0.000
   79    89    0.000
   58    69    0.000
   62    73    0.000
   81    92    0.000
   59    70    0.000
   46    55    0.000
   81    87    0.000
   80    91    0.000
   50    61    0.000
   59    69    0.000
   83    91    0.000
   60    68    0.000
   58    70    0.000
   48    61    0.000
   47    60    0.000
   51    58    0.000
   80    87    0.000
   59    73    0.000
   49    58    0.000
   81    90    0.000
   78    88    0.000
   47    58    0.000
   61    70    0.000
   51    57    0.000
   59    74    0.000
   82    89    0.000
   48    60    0.000
   51    59    0.000
   47    59    0.000
   61    71    0.000
   83    90    0.000
   78    89    0.000
   49    57    0.000
   38    47    0.000
   50    56    0.000
    9    19    0.000
   82    90    0.000
   47    57    0.000
   61    68    0.000
   51    60    0.000
   59    66    0.000
   59    71    0.000
   49    60    0.000
   82    91    0.000
   52    58    0.000
   81    88    0.000
   70    81    0.000
   61    67    0.000
   59    65    0.000
   60    73    0.000
   80    88    0.000
   47    61    0.000
   48    59    0.000
   58    65    0.000
    5    16    0.000
   38    45    0.000
   50    58    0.000
   82    92    0.000
    7    13    0.000
   49    59    0.000
   84    92    0.000
   61    69    0.000
   81    91    0.000
