4278	154.1647
   23    40    0.995
   51    66    0.995
   51    67    0.995
   22    41    0.995
   53    65    0.995
   52    65    0.995
   52    66    0.994
   50    68    0.994
   53    64    0.993
   54    64    0.993
   51    88    0.992
   23    39    0.992
   50    67    0.992
   52    87    0.991
   22    40    0.991
   51    87    0.991
   52    86    0.991
   53    86    0.990
   55    63    0.990
   24    39    0.990
   50    66    0.990
   54    63    0.989
   21    42    0.989
   54    85    0.989
   50    89    0.989
   22    39    0.988
   52    64    0.988
   53    85    0.987
   50    88    0.986
   49    69    0.986
   54    84    0.985
   21    41    0.985
   51    86    0.985
   55    84    0.983
   49    89    0.981
   49    68    0.980
   55    62    0.980
   56    62    0.980
   23    42    0.978
   53    84    0.977
   77    84    0.975
   26    66    0.974
   24    38    0.973
   49    90    0.972
   51    69    0.971
   54    62    0.970
   55    83    0.968
   50    69    0.968
   22    42    0.967
   49    88    0.967
   20    41    0.966
   56    83    0.962
   50    94    0.960
   25    66    0.960
   77    83    0.958
   25    67    0.958
   75    86    0.954
   26    35    0.954
   23    50    0.950
   72    88    0.950
   76    83    0.949
   76    85    0.949
   48    70    0.948
   48    69    0.946
   76    84    0.946
   78    84    0.943
   23    94    0.942
   25    38    0.942
   25    40    0.941
   22    93    0.939
   20    42    0.939
   23    41    0.936
   23    68    0.935
   47    70    0.934
   42    68    0.934
   72    86    0.932
   51    89    0.932
   51    68    0.922
   53    66    0.919
   24    35    0.916
   56    82    0.915
   55    64    0.915
   23    93    0.913
   55    65    0.912
   21    50    0.909
   21    94    0.906
   74    86    0.905
   76    86    0.904
   51    72    0.902
   21    93    0.901
   22    94    0.900
   55    82    0.899
   22    92    0.896
   24    40    0.896
   26    38    0.893
   47    69    0.892
   57    82    0.892
   54    86    0.891
   24    94    0.890
   21    49    0.884
   75    85    0.882
   42    50    0.881
   54    65    0.881
   49    70    0.880
   26    65    0.878
   39    93    0.877
   52    67    0.873
   21    44    0.870
   25    68    0.869
   24    95    0.867
   56    84    0.866
   56    63    0.866
   52    88    0.864
   24    67    0.863
   50    90    0.863
   25    39    0.862
   24    37    0.862
   26    67    0.858
   48    90    0.855
   21    48    0.855
   26    37    0.853
   23    67    0.852
   39    94    0.850
   28    64    0.849
   26    68    0.849
   50    95    0.848
   28    35    0.847
   40    94    0.841
   53    87    0.840
   55    85    0.838
   47    68    0.837
   26    36    0.836
   49    72    0.835
   73    86    0.831
   35    66    0.831
   20    43    0.829
   28    66    0.827
   21    92    0.823
   57    63    0.821
   27    64    0.819
   89    95    0.816
   27    66    0.813
   29    64    0.812
   21    88    0.807
   50    93    0.803
   27    65    0.801
   56    85    0.800
   24    36    0.799
   29    63    0.799
   23    95    0.792
   72    87    0.787
   77    85    0.784
   57    83    0.783
   88    94    0.782
   53    67    0.782
   42    94    0.779
   51    65    0.774
   57    81    0.766
   48    68    0.766
   21    43    0.766
   25    65    0.759
   30    64    0.757
   77    86    0.756
   20    44    0.735
   75    87    0.733
   24    68    0.732
   55    79    0.727
   25    35    0.716
   37    95    0.710
   35    94    0.710
   24    66    0.709
   21    89    0.709
   68    94    0.707
   19    44    0.705
   71    88    0.702
   40    93    0.697
   42    49    0.694
   30    63    0.693
   50    92    0.690
   49    94    0.690
   27    35    0.684
   68    88    0.682
   46    70    0.676
   52    89    0.671
   40    68    0.671
   73    88    0.669
   28    65    0.668
   58    81    0.668
   28    34    0.666
   58    82    0.663
   87    94    0.663
   24    96    0.663
   37    94    0.661
   52    85    0.659
   36    94    0.655
   72    89    0.655
   20    92    0.654
   50    72    0.652
   37    96    0.649
   29    35    0.648
   25    37    0.648
   24    93    0.642
   28    63    0.641
   52    95    0.641
   53    77    0.633
   53    63    0.630
   72    94    0.627
   41    94    0.626
   26    34    0.612
   28    36    0.612
   35    64    0.611
   23    66    0.601
   23    89    0.596
   55    61    0.595
   23    69    0.593
   42    89    0.589
   19    43    0.585
   49    71    0.583
   74    85    0.580
   31    64    0.580
   54    87    0.577
   26    64    0.576
   23    88    0.566
   69    88    0.565
   27    63    0.562
   27    37    0.554
   53    79    0.554
   30    62    0.553
   15    21    0.551
   40    66    0.549
   73    87    0.549
   54    83    0.548
   42    66    0.544
   50    91    0.542
   68    95    0.541
   38    94    0.541
   28    37    0.539
   74    87    0.538
   40    52    0.537
   21    47    0.537
   44    68    0.536
   40    50    0.535
   38    93    0.533
   75    84    0.529
   71    94    0.522
   49    91    0.520
   39    95    0.520
   66    86    0.512
   43    50    0.506
   23    38    0.506
   63    79    0.504
   29    62    0.504
   30    61    0.504
   69    94    0.502
   40    95    0.501
   68    89    0.501
   23    92    0.498
   36    95    0.498
   52    94    0.497
   50    87    0.497
   56    81    0.496
   23    49    0.496
   41    50    0.491
   48    89    0.491
   46    68    0.488
   65    77    0.487
   42    51    0.486
   32    64    0.485
   35    95    0.484
   54    61    0.484
   55    81    0.483
   53    75    0.483
   38    95    0.481
   51    75    0.479
   25    36    0.479
   44    50    0.479
   48    71    0.477
   58    83    0.474
   33    64    0.474
   12    86    0.470
   36    93    0.470
   31    62    0.470
   31    63    0.469
   59    81    0.467
   42    88    0.461
   48    94    0.460
   55    77    0.460
   26    33    0.458
   42    48    0.457
   23    71    0.456
   31    61    0.451
   20    93    0.448
   46    69    0.447
   35    54    0.445
   23    35    0.444
   27    38    0.441
   21    86    0.440
   37    93    0.438
   48    91    0.438
   51    77    0.437
   49    93    0.435
   71    95    0.427
   23    72    0.427
   89    96    0.426
   21    46    0.425
   43    49    0.425
   35    52    0.424
   51    94    0.421
   74    88    0.421
   21    91    0.421
   29    61    0.420
   43    68    0.420
   42    93    0.420
   22    50    0.420
   72    95    0.420
   32    61    0.417
   18    44    0.416
   26    50    0.415
   30    36    0.413
   19    42    0.412
   27    36    0.409
   87    97    0.409
   26    32    0.408
   23    51    0.408
   32    62    0.408
   35    93    0.408
   10    86    0.407
   12    21    0.405
   88    95    0.403
   25    50    0.401
   57    79    0.400
   47    90    0.397
   69    75    0.397
   35    68    0.396
   29    36    0.389
   69    95    0.388
   66    88    0.387
   69    86    0.385
   64    79    0.383
   65    75    0.382
   32    63    0.381
   64    84    0.380
   36    96    0.378
   34    66    0.378
   72    93    0.377
   38    52    0.377
   57    80    0.377
   75    88    0.376
   40    51    0.376
   14    86    0.375
   25    95    0.375
   55    80    0.375
   39    52    0.375
   19    48    0.374
   22    68    0.374
   25    94    0.373
   20    49    0.371
   87    96    0.370
   20    94    0.369
   38    96    0.367
   20    48    0.367
   48    72    0.366
   87    95    0.365
   59    82    0.364
   67    75    0.362
   68    86    0.362
   42    92    0.360
   58    80    0.356
   64    77    0.356
   87    98    0.356
   20    89    0.353
   19    47    0.353
   42    70    0.353
   41    93    0.352
   62    84    0.349
   12    18    0.349
   48    92    0.348
   39    92    0.347
   18    49    0.346
   33    54    0.345
   66    77    0.345
   71    96    0.343
   63    77    0.342
   39    66    0.342
   23    48    0.342
   41    68    0.341
   24    65    0.338
   49    67    0.335
   66    94    0.335
   51    95    0.334
   62    82    0.333
   56    79    0.333
   49    92    0.332
   23    52    0.332
   33    62    0.331
   15    49    0.331
   39    68    0.329
   11    21    0.329
   61    81    0.328
   33    63    0.328
   20    88    0.327
   28    38    0.326
   66    75    0.325
   48    93    0.322
   15    86    0.322
   71    86    0.319
   68    75    0.319
   76    87    0.318
   27    34    0.317
   18    48    0.317
   19    45    0.316
   33    61    0.315
   70    94    0.313
   18    88    0.311
   75    83    0.310
   89    98    0.307
   19    46    0.307
   42    95    0.305
   13    21    0.303
   12    20    0.303
   61    79    0.302
   60    81    0.301
   24    98    0.300
   24    34    0.299
   24    97    0.299
    8    86    0.299
   20    91    0.298
   68    93    0.298
   62    79    0.298
   24    50    0.295
   44    70    0.294
   42    69    0.293
   30    60    0.291
   26    52    0.290
   89    97    0.289
   62    81    0.289
   38    66    0.288
   52    97    0.288
   65    76    0.287
   37    52    0.285
   49    73    0.285
   21    87    0.284
   35    96    0.284
   71    89    0.283
   15    50    0.283
   33    66    0.281
   64    86    0.281
   72    92    0.280
   20    50    0.280
   32    60    0.279
   73    89    0.279
   88    98    0.278
   65    72    0.278
   12    84    0.277
   37    97    0.274
   34    64    0.273
   31    60    0.272
   21    90    0.271
   70    95    0.271
   63    80    0.270
   21    68    0.270
   65    79    0.269
   63    78    0.269
   69    89    0.268
   21    45    0.267
   35    63    0.267
   61    82    0.265
   26    94    0.265
   49    95    0.261
   88    96    0.260
   63    81    0.259
   23    70    0.257
   23    96    0.256
   47    91    0.256
   29    66    0.256
   59    80    0.255
   37    66    0.254
   66    72    0.254
   71    93    0.254
   18    47    0.253
   10    84    0.253
   22    95    0.253
   40    92    0.253
   59    83    0.253
   40    96    0.252
   19    49    0.252
   21    40    0.252
   18    42    0.251
   87    93    0.250
   73    94    0.250
   68    92    0.250
   58    79    0.249
   42    91    0.248
   56    80    0.247
   21    95    0.246
   40    89    0.245
   41    51    0.245
   19    88    0.244
   74    84    0.240
   33    56    0.240
   43    94    0.240
   42    52    0.238
   66    89    0.236
   64    78    0.236
   47    71    0.236
   65    78    0.236
   60    82    0.235
   29    65    0.235
   39    96    0.234
    8    66    0.233
   32    66    0.233
   28    62    0.233
   26    69    0.233
   22    71    0.232
   41    95    0.232
   26    95    0.232
   27    33    0.232
   14    21    0.232
   42    90    0.231
   14    20    0.231
   45    68    0.231
   52    96    0.231
   36    66    0.230
   61    80    0.230
   17    88    0.230
   47    92    0.230
    8    84    0.229
   20    47    0.229
   13    86    0.224
   88    97    0.224
   45    70    0.223
   71    92    0.223
   66    76    0.221
   13    51    0.221
   32    57    0.220
   53    72    0.220
   25    64    0.219
   41    49    0.218
   18    43    0.218
   32    54    0.217
   12    88    0.217
   35    65    0.217
   62    80    0.216
   63    82    0.216
   44    94    0.215
   18    50    0.215
   33    60    0.215
   51    76    0.214
   67    94    0.212
   20    90    0.212
   25    96    0.210
   15    88    0.210
   26    39    0.210
   12    51    0.208
   13    50    0.208
   25    69    0.207
   22    89    0.207
   19    92    0.205
   39    50    0.205
   13    19    0.204
   52    98    0.204
   37    54    0.203
   68    74    0.203
   19    41    0.203
   67    73    0.202
   14    84    0.201
   44    92    0.201
   13    84    0.201
   23    36    0.201
   38    54    0.200
   12    19    0.200
   29    55    0.200
   72    96    0.200
   30    57    0.199
   31    54    0.198
   50    97    0.198
   11    20    0.198
   62    83    0.197
   33    57    0.197
   22    67    0.196
   53    76    0.196
   41    92    0.196
   13    20    0.195
   10    66    0.195
   66    95    0.194
   14    88    0.194
   50    96    0.192
   29    37    0.192
    8    64    0.191
   55    78    0.191
   23    98    0.190
   50    98    0.190
   69    96    0.190
   68    96    0.189
   15    51    0.189
   39    89    0.189
   14    49    0.189
   31    57    0.189
   69    93    0.189
   35    97    0.188
   67    76    0.188
   47    94    0.187
   41    52    0.185
   36    97    0.185
   67    77    0.185
   70    96    0.183
   77    87    0.183
   51    73    0.183
   10    88    0.183
   14    50    0.182
   67    74    0.182
   33    55    0.180
   17    44    0.180
   22    69    0.180
   30    54    0.180
   30    55    0.179
   41    47    0.179
   73    95    0.179
   32    56    0.179
   24    64    0.179
   18    45    0.178
   53    78    0.178
   23    37    0.177
   71    97    0.175
   20    45    0.175
   31    66    0.175
   25    98    0.174
    8    68    0.174
   22    38    0.173
   18    46    0.172
   37    98    0.172
   34    54    0.172
   29    60    0.171
   36    54    0.171
   26    63    0.171
   63    84    0.170
   79    85    0.169
   22    72    0.169
   60    80    0.169
   11    86    0.169
   53    80    0.169
   72    90    0.168
    8    88    0.167
   11    51    0.167
   53    74    0.166
   44    91    0.166
   38    53    0.166
   76    82    0.166
   26    53    0.165
   46    94    0.165
   24    69    0.164
   71    98    0.164
   35    55    0.164
   12    50    0.164
   15    48    0.163
   22    91    0.163
   40    53    0.163
   78    85    0.162
   59    79    0.161
   19    89    0.161
   15    84    0.161
   54    79    0.161
   69    92    0.161
   70    88    0.161
   22    88    0.160
   90    96    0.160
   15    42    0.160
   48    88    0.159
   18    86    0.159
   64    82    0.158
   51    74    0.158
   18    89    0.158
   26    98    0.158
   20    46    0.157
   22    49    0.157
   39    51    0.157
   27    53    0.157
   68    98    0.156
   46    92    0.156
   36    52    0.155
   23    97    0.155
   86    94    0.154
   17    86    0.154
   60    83    0.154
   32    55    0.153
   29    52    0.152
   23    91    0.152
   73    93    0.151
   29    54    0.150
   25    34    0.150
   61    83    0.150
   30    66    0.150
   64    80    0.150
   73    85    0.150
   42    67    0.150
    9    53    0.149
   92    98    0.149
   53    83    0.148
   35    98    0.148
   57    84    0.148
   12    68    0.147
   38    68    0.147
    6    68    0.147
   47    93    0.146
   40    67    0.146
   40    97    0.145
   47    89    0.145
   67    95    0.145
   27    52    0.144
   13    49    0.144
   16    49    0.144
    6    66    0.144
   46    91    0.143
   64    76    0.143
   36    98    0.143
   35    56    0.143
   31    55    0.142
   38    92    0.142
   69    98    0.142
   44    93    0.142
   36    92    0.142
   11    84    0.142
   30    37    0.141
   41    89    0.140
   86    98    0.140
   16    88    0.140
   24    92    0.140
   34    94    0.139
   11    53    0.139
   23    65    0.139
   73    92    0.138
   40    49    0.138
   51    79    0.137
   10    68    0.137
   60    79    0.136
   26    96    0.136
   35    53    0.135
   12    66    0.135
   35    67    0.135
   21    72    0.135
   26    40    0.134
   31    56    0.134
   20    95    0.134
   68    90    0.134
   46    93    0.133
   34    63    0.133
   40    88    0.133
   72    91    0.133
   49    75    0.133
   24    33    0.132
   90    98    0.132
   17    49    0.132
   48    95    0.131
   33    52    0.131
   64    75    0.131
   28    61    0.131
   50    70    0.131
   65    84    0.131
   15    47    0.130
   86    97    0.130
   67    88    0.129
   45    69    0.129
   66    84    0.129
   32    59    0.129
    6    64    0.128
   17    48    0.128
   30    65    0.128
   43    92    0.127
   27    62    0.127
   42    96    0.127
   38    97    0.127
   21    71    0.127
   27    55    0.127
    9    21    0.126
   17    47    0.126
   29    57    0.126
   16    86    0.125
   38    64    0.125
   65    74    0.125
   35    92    0.125
   68    97    0.125
   35    62    0.124
   31    37    0.124
   11    23    0.124
   46    90    0.124
   71    87    0.123
   51    71    0.123
   13    68    0.123
   43    93    0.123
   54    82    0.123
   14    51    0.122
   10    51    0.122
   70    98    0.121
   46    71    0.120
   72    85    0.120
   16    48    0.120
   25    97    0.120
   68    76    0.119
    4    68    0.119
   11    18    0.119
   30    56    0.119
   44    90    0.118
   64    81    0.118
   39    91    0.118
   21    51    0.118
   21    66    0.118
   44    69    0.118
   74    83    0.117
   91    98    0.117
   70    93    0.116
   66    78    0.116
   65    86    0.116
    6    84    0.116
   18    87    0.116
   12    53    0.116
   67    86    0.115
   13    66    0.115
   45    94    0.115
   26    51    0.114
    5    72    0.114
   69    97    0.114
    6    86    0.114
   36    64    0.114
    6    94    0.113
   63    76    0.113
   27    67    0.113
   34    56    0.112
   51    90    0.112
   39    53    0.112
   28    52    0.112
   32    38    0.111
   21    96    0.111
   10    64    0.111
   42    97    0.111
    8    53    0.111
   18    92    0.111
   40    98    0.111
   15    44    0.111
   24    32    0.110
    9    86    0.110
    4    69    0.110
   16    47    0.110
   47    72    0.108
   56    77    0.108
   65    73    0.108
   40    91    0.107
   66    87    0.107
   72    98    0.107
   33    59    0.107
   10    53    0.106
   62    78    0.105
   32    58    0.105
   57    77    0.105
   11    68    0.104
   66    74    0.104
    4    72    0.104
   19    94    0.104
   21    39    0.104
   71    90    0.104
   61    84    0.103
    5    68    0.103
   31    59    0.102
   37    53    0.102
   29    53    0.102
   63    83    0.102
   42    98    0.102
   25    52    0.101
    6    77    0.101
   13    88    0.101
   54    77    0.101
   74    89    0.101
   41    66    0.101
   11    50    0.101
   73    90    0.100
   11    66    0.100
   34    57    0.100
   67    89    0.100
   70    97    0.100
   31    52    0.100
   12    23    0.099
   69    87    0.099
   41    96    0.099
   12    49    0.099
   30    52    0.099
   32    52    0.099
   21    67    0.099
   31    65    0.099
   18    41    0.098
   16    44    0.098
   15    68    0.098
   35    50    0.097
   51    93    0.097
    9    23    0.097
   64    83    0.097
   45    92    0.096
   51    98    0.096
   37    68    0.096
   52    84    0.096
   37    92    0.096
   39    97    0.096
   55    75    0.096
    5    77    0.096
   23    90    0.096
   35    88    0.095
   22    35    0.095
   19    93    0.095
   68    87    0.095
   32    65    0.095
   26    97    0.095
   22    66    0.095
   53    62    0.095
   38    98    0.095
    7    26    0.095
   62    77    0.095
   22    48    0.095
   69    76    0.095
   22    70    0.094
   66    93    0.094
    8    94    0.094
   72    97    0.094
   25    93    0.094
   43    95    0.094
   29    38    0.094
   23    53    0.093
   27    50    0.093
    8    89    0.093
   11    19    0.093
   19    50    0.093
   35    89    0.093
   71    91    0.093
   51    85    0.092
   17    89    0.092
   50    65    0.092
   66    79    0.092
    5    75    0.092
   33    58    0.092
   91    97    0.092
   52    63    0.091
   51    64    0.091
   44    89    0.091
   73    96    0.091
   30    59    0.091
    6    88    0.091
   13    82    0.091
   34    52    0.090
   49    74    0.090
    9    84    0.090
   51    70    0.089
    4    66    0.089
    6    69    0.089
   34    62    0.089
    5    69    0.089
    9    55    0.089
   73    91    0.089
   21    97    0.089
    6    79    0.089
    9    51    0.088
   86    96    0.088
    7    94    0.088
    4    77    0.088
   68    91    0.088
   34    97    0.088
   35    61    0.088
   12    89    0.088
    6    72    0.088
   34    98    0.088
   15    22    0.088
   34    95    0.088
   68    77    0.088
   43    89    0.087
   34    55    0.087
   12    94    0.087
   17    46    0.087
   41    48    0.087
   35    57    0.087
    1     7    0.086
   66    98    0.086
    5    94    0.086
   28    55    0.086
   66    73    0.086
   34    61    0.086
   69    90    0.085
   15    23    0.085
    6    95    0.085
   90    97    0.085
   18    94    0.085
   67    98    0.085
   39    90    0.085
    9    66    0.085
   19    91    0.085
   55    76    0.084
    7    66    0.084
   41    98    0.084
   69    77    0.084
   70    86    0.083
   31    58    0.083
   51    78    0.083
   43    51    0.082
    4    64    0.082
    8    26    0.082
    7    64    0.082
   43    70    0.082
   25    48    0.082
   13    53    0.082
   24    31    0.082
   63    75    0.082
   41    91    0.081
   33    65    0.081
   14    94    0.081
   45    93    0.081
    8    21    0.081
   50    71    0.081
   70    92    0.081
   22    43    0.080
    7    68    0.080
   49    66    0.080
   25    71    0.080
   38    55    0.080
   10    89    0.079
   30    58    0.079
    4    75    0.079
   23    64    0.079
   75    89    0.079
   12    52    0.079
   61    78    0.078
   13    79    0.078
   23    44    0.078
   16    50    0.078
   45    91    0.078
   50    86    0.078
   30    38    0.078
   34    65    0.077
   11    64    0.077
   23    47    0.077
   17    45    0.077
   24    30    0.077
   44    95    0.077
   14    68    0.077
   20    96    0.077
   27    98    0.077
   43    91    0.077
    5    66    0.077
   25    33    0.077
   13    42    0.077
   17    87    0.077
    6    53    0.076
   17    42    0.076
    7    86    0.076
   15    89    0.076
   19    86    0.076
   46    89    0.076
   10    82    0.076
   41    97    0.076
    3    72    0.075
    7    53    0.075
   11    52    0.075
   34    60    0.075
   11    24    0.075
   20    97    0.075
   11    17    0.075
    5    53    0.075
   12    82    0.074
   56    64    0.074
   40    90    0.074
   14    89    0.074
   65    80    0.074
   49    98    0.074
   28    53    0.074
   19    90    0.074
   38    51    0.074
   50    73    0.074
   10    52    0.074
   29    56    0.074
   39    98    0.074
   15    94    0.073
    7    77    0.073
    9    68    0.073
    6    63    0.073
   34    96    0.073
   39    88    0.073
   36    55    0.073
   11    88    0.072
    7    35    0.072
    9    64    0.072
   86    95    0.072
   24    71    0.072
   44    51    0.072
   49    87    0.072
   19    87    0.072
   15    82    0.072
    9    26    0.071
   15    87    0.071
   44    97    0.071
   73    98    0.071
    9    88    0.071
   10    21    0.071
   20    40    0.071
    2    72    0.071
    2    69    0.071
    5    55    0.071
   54    97    0.071
   14    48    0.071
   12    24    0.070
   85    98    0.070
   19    97    0.070
   64    85    0.070
   20    87    0.070
   69    91    0.070
   20    39    0.070
    8    23    0.070
    7    88    0.070
   33    94    0.070
   25    49    0.069
    5    95    0.069
    1    98    0.069
   75    94    0.069
   70    89    0.069
   43    98    0.069
   57    78    0.069
    8    51    0.068
    4    94    0.068
   24    89    0.068
    8    63    0.068
   14    82    0.068
    6    55    0.068
   10    50    0.068
   15    79    0.068
   22    96    0.067
    8    35    0.067
   56    78    0.067
   62    85    0.067
    8    82    0.067
   50    75    0.067
   18    97    0.067
   55    86    0.067
   22    98    0.066
   21    69    0.066
   43    69    0.066
   37    55    0.066
    9    52    0.066
   51    96    0.066
   33    98    0.066
   44    66    0.065
   43    97    0.065
    8    72    0.065
   31    38    0.065
   33    97    0.065
   18    93    0.065
   75    95    0.065
    8    69    0.065
   66    92    0.065
   12    22    0.064
   27    54    0.064
    8    55    0.064
   39    67    0.064
   39    64    0.064
   41    88    0.064
   30    53    0.064
   13    23    0.064
   48    73    0.064
   24    88    0.064
   85    97    0.064
   60    84    0.064
    7    89    0.064
   52    93    0.064
   44    96    0.063
   39    54    0.063
   17    50    0.063
   44    98    0.063
    6    89    0.063
    7    95    0.063
   20    86    0.063
   28    67    0.063
   23    86    0.063
   16    84    0.063
   24    52    0.063
   57    85    0.062
   67    93    0.062
   21    98    0.062
   21    64    0.062
   11    79    0.062
   17    94    0.062
   20    71    0.062
   19    95    0.061
    7    55    0.061
    8    95    0.061
   27    61    0.061
   64    87    0.061
   47    67    0.061
   53    82    0.061
   16    46    0.061
   13    72    0.061
   19    96    0.061
    8    77    0.061
   28    54    0.061
   22    90    0.061
   11    77    0.061
   28    50    0.061
    8    79    0.060
   55    97    0.060
   42    72    0.060
   54    95    0.060
   36    53    0.060
    7    63    0.060
   12    93    0.060
    6    82    0.060
   51    92    0.060
   74    95    0.060
   14    87    0.060
   13    77    0.060
   74    94    0.060
   53    88    0.060
    7    84    0.059
    3    69    0.059
   16    42    0.059
    4    95    0.059
   22    97    0.059
   53    98    0.059
   38    89    0.059
    9    50    0.059
   38    50    0.059
   58    84    0.059
   17    97    0.059
   20    68    0.059
   54    60    0.059
    5    64    0.058
    9    89    0.058
   11    26    0.058
    9    54    0.058
    8    50    0.058
   61    77    0.058
   23    34    0.058
   26    88    0.058
   43    90    0.058
   12    87    0.058
   15    46    0.058
   11    82    0.058
   18    90    0.058
    8    24    0.057
   40    64    0.057
    6    98    0.057
   31    53    0.057
   12    64    0.057
   12    85    0.057
   16    89    0.057
   17    84    0.057
   37    64    0.057
   12    72    0.057
   11    72    0.057
   35    60    0.057
   54    80    0.057
   15    24    0.057
   14    42    0.057
   52    77    0.057
   25    51    0.057
   23    43    0.057
   14    47    0.056
   63    86    0.056
   54    98    0.056
   33    53    0.056
    2    73    0.056
   34    93    0.056
   18    96    0.056
    7    23    0.056
   51    97    0.056
    5    51    0.056
   56    97    0.056
   53    81    0.056
    2    75    0.055
    7    79    0.055
    9    94    0.055
    2    68    0.055
   41    90    0.055
   14    85    0.055
   26    49    0.055
   73    97    0.055
    3    68    0.055
   13    52    0.055
   43    96    0.055
   25    32    0.055
   25    53    0.055
   78    86    0.055
    6    51    0.054
   13    89    0.054
    8    52    0.054
   18    91    0.054
   45    90    0.054
    3    75    0.054
    5    98    0.054
   49    96    0.054
   10    87    0.054
    6    35    0.054
   48    98    0.054
   26    55    0.054
   58    77    0.054
   76    88    0.054
   18    24    0.053
   10    94    0.053
   65    71    0.053
   17    43    0.053
    6    93    0.053
   17    92    0.053
   64    88    0.053
    7    72    0.053
    9    24    0.053
   20    72    0.053
   18    51    0.053
   11    22    0.053
    6    26    0.053
   27    68    0.053
    4    67    0.052
   15    39    0.052
   22    36    0.052
   10    23    0.052
   35    51    0.052
   42    71    0.052
    6    75    0.052
    4    79    0.052
    8    65    0.052
    5    50    0.052
   47    95    0.052
    6    50    0.052
   15    66    0.052
   24    51    0.051
   36    56    0.051
    8    87    0.051
    9    63    0.051
   18    95    0.051
   40    69    0.051
   32    53    0.051
   10    79    0.051
   36    68    0.051
    5    79    0.051
   16    94    0.051
   13    94    0.050
   74    98    0.050
    7    69    0.050
   25    31    0.050
   53    95    0.050
   29    50    0.050
   12    95    0.050
   11    63    0.050
   49    97    0.050
   26    54    0.050
   12    26    0.050
   46    95    0.049
    4    98    0.049
    8    93    0.049
    5    26    0.049
    5    89    0.049
   36    63    0.049
    7    98    0.049
    6    61    0.049
   46    72    0.049
    6    52    0.049
   14    93    0.049
   14    66    0.049
   65    88    0.048
   10    72    0.048
   59    84    0.048
   34    59    0.048
    5    56    0.048
   15    85    0.048
   43    66    0.048
   26    71    0.048
   10    85    0.047
   10    77    0.047
   44    88    0.047
    1    72    0.047
    2    70    0.047
    8    98    0.047
   71    77    0.047
   86    93    0.047
   14    72    0.047
   65    81    0.047
    5    54    0.047
   22    37    0.047
   16    45    0.047
   13    22    0.047
   28    98    0.046
   29    59    0.046
   22    44    0.046
   75    98    0.046
    5    61    0.046
    3    73    0.046
   20    51    0.046
   22    51    0.046
    5    88    0.046
    7    24    0.046
   66    90    0.046
    4    56    0.046
   45    97    0.046
    1    69    0.046
   24    53    0.046
   45    95    0.046
   54    66    0.046
    6    97    0.046
   61    85    0.045
   66    96    0.045
   40    54    0.045
   45    98    0.045
   13    64    0.045
   17    79    0.045
   12    42    0.045
   55    98    0.045
    3    98    0.045
   15    93    0.045
   24    49    0.045
    9    35    0.045
   11    89    0.045
    4    76    0.045
    2    98    0.045
    5    97    0.045
    6    56    0.045
   17    95    0.045
   65    83    0.045
   66    97    0.045
    5    93    0.045
   52    68    0.045
   58    78    0.045
   14    79    0.044
   24    41    0.044
   15    72    0.044
   48    67    0.044
   16    87    0.044
   21    70    0.044
   36    89    0.044
    8    85    0.044
   17    93    0.044
    6    65    0.044
   28    60    0.044
    6    29    0.044
    6    96    0.044
   67    92    0.044
    6    54    0.044
    4    73    0.044
    9    72    0.044
   57    97    0.043
    4    55    0.043
    5    96    0.043
   75    93    0.043
   53    97    0.043
   14    23    0.043
   17    96    0.043
   11    49    0.043
   21    52    0.043
   10    63    0.043
    4    89    0.043
   11    94    0.043
    8    54    0.043
   23    46    0.043
    4    74    0.043
   34    58    0.043
   46    98    0.043
   38    91    0.043
   48    97    0.043
   20    98    0.043
   48    96    0.043
   79    86    0.043
    3    77    0.043
   13    85    0.042
   63    85    0.042
   67    96    0.042
    7    93    0.042
   18    84    0.042
   44    71    0.042
   17    23    0.042
   47    98    0.042
   16    97    0.042
    5    35    0.042
    3    66    0.042
    4    93    0.042
    3    95    0.042
   33    95    0.042
   16    23    0.042
   52    75    0.042
    2    71    0.042
   15    95    0.041
   41    69    0.041
   56    98    0.041
   65    82    0.041
   15    97    0.041
   18    98    0.041
   50    77    0.041
    9    95    0.041
   40    70    0.041
    2    77    0.041
   19    98    0.041
   52    92    0.041
   54    81    0.041
    3    94    0.041
    1    73    0.041
   15    45    0.041
    2    74    0.041
   47    88    0.041
   54    78    0.041
    5    52    0.041
    1    68    0.041
    9    61    0.041
   29    58    0.041
   16    22    0.041
   66    85    0.040
   33    96    0.040
    5    29    0.040
   13    48    0.040
    5    76    0.040
   46    97    0.040
   45    96    0.040
   39    49    0.040
   14    22    0.040
   26    93    0.040
   15    77    0.040
   47    66    0.040
    6    67    0.040
   26    70    0.040
    4    97    0.040
   62    86    0.040
   34    53    0.040
   24    72    0.040
   40    47    0.040
    4    88    0.040
    9    98    0.040
   25    63    0.040
   24    70    0.040
   23    87    0.040
    4    65    0.040
    7    61    0.039
   17    98    0.039
    4    78    0.039
   34    68    0.039
   15    41    0.039
   74    93    0.039
    4    71    0.039
   40    65    0.039
   73    84    0.039
    4    96    0.039
    1     8    0.039
    4    29    0.039
   10    24    0.039
    9    79    0.039
   10    26    0.039
   16    79    0.039
   60    85    0.039
   26    72    0.038
   25    92    0.038
   16    24    0.038
   10    20    0.038
   65    87    0.038
   12    29    0.038
    5    67    0.038
    2    76    0.038
   14    95    0.038
   74    96    0.038
   12    98    0.038
   16    82    0.038
    9    77    0.038
   24    91    0.038
   12    79    0.038
   43    88    0.038
   13    87    0.037
   52    90    0.037
   40    48    0.037
   16    93    0.037
   13    83    0.037
    7    54    0.037
    7    29    0.037
    1    70    0.037
    5    74    0.037
   54    96    0.037
    9    20    0.037
    4    63    0.037
   46    96    0.037
   27    51    0.037
   45    71    0.037
   15    43    0.037
   49    76    0.037
   32    98    0.037
   52    79    0.037
   12    83    0.037
    4    70    0.037
    3    74    0.037
   74    92    0.036
   49    77    0.036
   10    98    0.036
   51    91    0.036
    5    63    0.036
   14    98    0.036
   67    78    0.036
    4    54    0.036
   29    98    0.036
   41    67    0.036
    1    75    0.036
   75    97    0.036
   13    24    0.036
   10    35    0.036
   10    93    0.036
   70    91    0.036
   14    97    0.036
   67    97    0.036
   75    96    0.036
   77    98    0.036
    6    62    0.036
   52    69    0.036
   65    98    0.036
   76    98    0.036
    5    86    0.036
   54    75    0.036
   15    98    0.036
   27    95    0.035
   10    65    0.035
   10    95    0.035
    9    82    0.035
    2    95    0.035
    1    71    0.035
    2    67    0.035
    8    67    0.035
    4    53    0.035
   26    62    0.035
    2    66    0.035
    7    52    0.035
    3    71    0.035
    5    71    0.035
   15    26    0.035
   34    67    0.034
    7    75    0.034
   70    87    0.034
   35    59    0.034
    7    97    0.034
    3    67    0.034
    8    61    0.034
   17    24    0.034
   50    76    0.034
    1     9    0.034
   15    83    0.034
    5    73    0.034
   28    68    0.034
   57    98    0.034
   39    65    0.034
   70    90    0.034
   16    95    0.034
   16    92    0.034
   65    94    0.034
   27    94    0.033
    9    93    0.033
   14    83    0.033
    5    65    0.033
   27    39    0.033
   36    57    0.033
   16    51    0.033
   35    58    0.033
   46    66    0.033
   41    53    0.033
   55    96    0.033
   11    98    0.033
   16    98    0.033
   22    47    0.033
    4    61    0.033
   64    98    0.033
   74    97    0.033
   47    97    0.033
   84    98    0.033
   28    57    0.033
    3    56    0.033
    1    97    0.033
   17    82    0.033
    3    70    0.033
   63    87    0.033
   41    70    0.033
   10    83    0.033
   85    94    0.032
    7    51    0.032
   53    73    0.032
    3    97    0.032
    7    56    0.032
   17    91    0.032
   12    97    0.032
   13    93    0.032
    8    97    0.032
   14    77    0.032
   25    70    0.032
   14    24    0.032
   24    63    0.032
   17    90    0.032
   12    65    0.032
    2    94    0.032
    7    65    0.032
   10    69    0.032
   17    41    0.032
   12    39    0.032
   13    65    0.032
   24    42    0.032
    6    87    0.032
   10    55    0.032
   54    94    0.032
   36    91    0.031
    2    54    0.031
   47    96    0.031
   38    63    0.031
    1    74    0.031
   13    98    0.031
   11    55    0.031
    3    96    0.031
   29    51    0.031
   27    57    0.031
   33    39    0.031
    4    51    0.031
    8    83    0.031
   36    62    0.031
   72    84    0.031
   67    87    0.031
   53    94    0.031
   54    76    0.031
   11    42    0.031
   15    25    0.031
   11    54    0.031
   11    85    0.031
   27    97    0.031
   59    77    0.031
   15    92    0.031
   25    88    0.031
   57    64    0.031
    1    67    0.031
   23    29    0.030
    3    76    0.030
    9    22    0.030
   10    54    0.030
   20    69    0.030
   45    89    0.030
    3    55    0.030
   60    78    0.030
   25    72    0.030
   21    85    0.030
    9    56    0.030
    7    96    0.030
   26    48    0.030
    6    78    0.030
   31    98    0.030
   13    95    0.030
   52    72    0.030
    7    25    0.030
    8    62    0.030
    3    64    0.030
   77    97    0.030
   62    76    0.030
    2    97    0.030
   11    65    0.030
   65    85    0.030
    4    50    0.029
   17    77    0.029
   65    89    0.029
   42    53    0.029
    4    26    0.029
   53    96    0.029
   75    82    0.029
    7    82    0.029
   16    96    0.029
   30    98    0.029
   38    90    0.029
    1    95    0.029
   15    71    0.029
   44    72    0.029
   37    56    0.029
    2    56    0.029
   38    67    0.029
    6    80    0.029
   12    77    0.029
   11    95    0.029
   64    74    0.029
   15    96    0.029
   11    93    0.029
    5    78    0.029
    6    83    0.029
   12    69    0.029
   66    91    0.029
   15    53    0.029
   59    78    0.029
    9    69    0.029
   20    53    0.029
   13    39    0.029
   74    90    0.028
    7    27    0.028
   27    96    0.028
    5    84    0.028
    1    77    0.028
   56    76    0.028
    2    96    0.028
   28    56    0.028
   16    43    0.028
    3    93    0.028
   36    65    0.028
    2    79    0.028
   43    67    0.028
   48    74    0.028
    8    29    0.028
   56    96    0.028
    3    42    0.027
    1    66    0.027
   23    73    0.027
   58    85    0.027
    6    76    0.027
   14    44    0.027
   37    89    0.027
   59    85    0.027
    1    96    0.027
   13    97    0.027
    7    87    0.027
   37    51    0.027
    6    85    0.027
   76    94    0.027
   32    97    0.027
   37    91    0.027
   25    89    0.027
    4    52    0.027
   10    18    0.027
   85    96    0.027
    1    94    0.027
   38    65    0.027
   12    25    0.027
    1    76    0.027
    8    25    0.027
    5    70    0.027
   17    72    0.027
   13    26    0.027
   11    25    0.027
   11    87    0.027
    8    27    0.027
   67    84    0.026
    2    78    0.026
   56    65    0.026
   24    48    0.026
   11    69    0.026
   27    56    0.026
   64    72    0.026
    9    87    0.026
   26    89    0.026
   23    33    0.026
   35    91    0.026
   20    67    0.026
   10    16    0.026
   11    35    0.026
    8    96    0.026
   17    71    0.026
   46    88    0.026
   30    50    0.026
   42    87    0.026
    9    97    0.026
   34    40    0.026
    6    28    0.026
    3    41    0.026
    6    71    0.026
    5    49    0.026
   35    87    0.026
    9    65    0.026
    7    50    0.025
   76    95    0.025
   21    84    0.025
    3    79    0.025
   39    69    0.025
   68    84    0.025
   52    76    0.025
   50    74    0.025
   51    80    0.025
   64    95    0.025
    6    27    0.025
   48    75    0.025
   12    63    0.025
   16    26    0.025
   13    47    0.025
   11    83    0.025
   14    92    0.025
   47    73    0.025
   13    71    0.025
   17    39    0.025
   64    94    0.025
    6    23    0.025
    7    28    0.025
   10    67    0.024
   18    25    0.024
   11    62    0.024
   56    86    0.024
   18    85    0.024
   70    76    0.024
    9    85    0.024
    8    75    0.024
   22    87    0.024
   76    97    0.024
   26    86    0.024
   18    39    0.024
   36    88    0.024
   10    97    0.024
   38    88    0.024
    9    62    0.024
   55    95    0.024
   84    97    0.024
   13    80    0.024
   33    93    0.024
   40    46    0.024
   14    71    0.024
   22    64    0.024
    8    56    0.024
   18    71    0.024
    7    62    0.024
    8    34    0.024
   25    91    0.024
   14    96    0.024
   37    67    0.024
   78    98    0.024
    7    67    0.024
   19    71    0.024
    2    55    0.024
   11    39    0.024
    4    86    0.024
   75    81    0.024
   13    75    0.024
   60    77    0.024
    9    25    0.024
   15    91    0.024
   64    89    0.024
   16    91    0.024
   45    66    0.024
   16    41    0.024
    5    28    0.024
   12    48    0.024
   36    61    0.024
   65    95    0.024
   16    25    0.024
    4    84    0.023
   10    49    0.023
    3    54    0.023
   13    69    0.023
   74    91    0.023
    6    33    0.023
   20    70    0.023
   18    79    0.023
   38    56    0.023
   25    42    0.023
   15    80    0.023
    6    32    0.023
   11    61    0.023
   28    51    0.023
   75    90    0.023
   11    75    0.023
   15    90    0.023
    2    93    0.023
   21    75    0.023
    6    24    0.023
   75    92    0.023
    4    62    0.023
   22    86    0.023
   12    35    0.023
   12    92    0.023
   11    97    0.023
    6    49    0.023
   10    61    0.023
   26    92    0.023
   69    85    0.022
    3    89    0.022
   15    52    0.022
   16    77    0.022
    4    28    0.022
    7    34    0.022
   21    35    0.022
   14    26    0.022
   13    81    0.022
   12    67    0.022
   21    53    0.022
    8    22    0.022
   14    39    0.022
   70    77    0.022
    5    62    0.022
   57    76    0.022
   43    52    0.022
   14    52    0.022
   12    90    0.022
    1    54    0.022
   37    50    0.022
   27    40    0.022
    7    21    0.022
   17    85    0.022
    4    90    0.022
    5    57    0.022
   14    46    0.022
   79    98    0.022
    1    56    0.022
    7    33    0.022
    1    79    0.022
   37    63    0.022
    1    78    0.022
   34    92    0.022
    5    59    0.022
   53    69    0.022
   12    27    0.022
   22    65    0.022
   12    71    0.021
   46    67    0.021
    7    85    0.021
   12    28    0.021
    3    65    0.021
    2    64    0.021
   19    72    0.021
    8    33    0.021
    6    74    0.021
    3    78    0.021
   21    65    0.021
   44    67    0.021
    2    51    0.021
   15    64    0.021
   16    90    0.021
   77    88    0.021
   67    90    0.021
    9    27    0.021
    7    32    0.021
   13    67    0.021
   67    79    0.021
   51    84    0.021
   32    51    0.021
   12    96    0.021
    6    31    0.021
    8    80    0.021
    4    27    0.021
   11    67    0.021
    8    32    0.021
    8    90    0.021
   14    64    0.021
    1    93    0.021
   19    84    0.021
   17    51    0.020
   18    72    0.020
   83    98    0.020
   16    85    0.020
   66    83    0.020
   36    50    0.020
   30    51    0.020
    6    92    0.020
   10    62    0.020
    2    53    0.020
   14    90    0.020
   12    40    0.020
    1    55    0.020
    6    81    0.020
    5    27    0.020
   16    83    0.020
   53    61    0.020
   17    25    0.020
   22    52    0.020
    5    23    0.020
   77    95    0.020
   55    74    0.020
    3    53    0.020
   39    55    0.020
    4    80    0.020
   20    75    0.020
   35    90    0.020
   33    67    0.020
    4    92    0.020
    2     8    0.020
    3    61    0.020
   33    68    0.020
    4    91    0.020
   36    90    0.020
   76    96    0.020
   63    98    0.020
   28    94    0.020
   16    39    0.020
    3    57    0.020
   10    81    0.020
   13    63    0.020
    5    33    0.020
   15    69    0.020
    4    35    0.020
    8    49    0.020
    4    82    0.020
    6    73    0.020
   73    83    0.020
   45    88    0.019
   69    84    0.019
   15    81    0.019
    1    65    0.019
   31    50    0.019
    5    92    0.019
    5    32    0.019
    8    81    0.019
    9    49    0.019
   63    74    0.019
   10    80    0.019
   15    65    0.019
   28    39    0.019
   85    95    0.019
    5    82    0.019
   14    91    0.019
   58    98    0.019
   43    71    0.019
   12    54    0.019
    2    65    0.019
    6    25    0.019
   42    64    0.019
   76    93    0.019
   10    22    0.019
   31    51    0.019
   18    68    0.019
    2    57    0.019
   19    39    0.019
   27    60    0.019
   32    67    0.019
    4    31    0.019
   23    45    0.019
    1    64    0.019
    6    90    0.019
   22    34    0.019
   10    19    0.019
    8    28    0.019
    6    34    0.019
   29    67    0.019
   12    91    0.019
   52    78    0.019
   36    67    0.019
   42    65    0.019
   11    71    0.019
   25    47    0.019
    9    96    0.019
   17    83    0.019
    7    78    0.019
    3    90    0.019
   45    51    0.019
   14    53    0.018
    1    53    0.018
    4    57    0.018
   17    26    0.018
   32    50    0.018
   56    75    0.018
    1    51    0.018
   52    62    0.018
   45    72    0.018
   11    40    0.018
    6    70    0.018
   18    26    0.018
   25    41    0.018
    9    83    0.018
    3    29    0.018
   35    69    0.018
   10    90    0.018
   11    29    0.018
    8    20    0.018
   68    85    0.018
   28    97    0.018
   13    41    0.018
   13    78    0.018
    2    90    0.018
    4    30    0.018
    5    87    0.018
    3    63    0.018
    5    60    0.018
    9    67    0.018
   33    40    0.018
   14    65    0.018
    5    42    0.018
   21    73    0.018
    6    91    0.018
    3    91    0.018
   37    65    0.018
   23    32    0.018
   19    68    0.018
    6    30    0.018
   25    55    0.018
    5    30    0.018
    4    49    0.018
    6    42    0.018
   64    97    0.018
    7    36    0.018
    5    31    0.018
    8    71    0.018
    5    90    0.018
    3    88    0.018
   64    73    0.018
    8    92    0.018
   66    80    0.018
   39    70    0.018
   12    41    0.017
   15    78    0.017
    5    24    0.017
   11    80    0.017
   53    89    0.017
   31    97    0.017
   22    46    0.017
    1    57    0.017
    9    29    0.017
   14    69    0.017
    6    57    0.017
   32    94    0.017
    4    59    0.017
    5    91    0.017
   40    87    0.017
   77    96    0.017
   49    86    0.017
   66    82    0.017
   36    51    0.017
    3    92    0.017
    7    83    0.017
    6    60    0.017
    2    91    0.017
    7    92    0.017
    7    80    0.017
   14    80    0.017
   11    27    0.017
   10    39    0.017
   13    96    0.017
    9    75    0.017
   29    94    0.017
   22    73    0.017
    4    42    0.017
   35    86    0.017
   37    90    0.017
   58    97    0.017
   20    52    0.017
   79    97    0.017
   25    54    0.016
   11    81    0.016
    7    31    0.016
   10    29    0.016
   27    49    0.016
   18    82    0.016
   18    77    0.016
    2    89    0.016
    2    52    0.016
   55    66    0.016
   77    94    0.016
   28    95    0.016
    6    40    0.016
   10    75    0.016
   52    91    0.016
   36    60    0.016
   23    75    0.016
    7    76    0.016
   23    74    0.016
   11    78    0.016
   72    78    0.016
    7    39    0.016
   16    72    0.016
   52    74    0.016
   10    96    0.016
   80    98    0.016
    7    90    0.016
   50    64    0.016
    4    60    0.016
   15    75    0.016
    2    92    0.016
   14    81    0.016
    3    59    0.016
    7    71    0.016
   12    81    0.016
    2    61    0.016
   64    96    0.016
    4    32    0.016
    3    40    0.016
    8    91    0.016
   27    69    0.016
    8    78    0.016
    2    80    0.016
   78    97    0.016
    3    51    0.016
    5    80    0.016
   82    98    0.016
   15    29    0.016
    9    15    0.016
   48    66    0.016
    1    52    0.015
    6    59    0.015
   13    40    0.015
   24    90    0.015
   62    87    0.015
   29    97    0.015
   32    96    0.015
    2    50    0.015
    9    60    0.015
   17    68    0.015
    7    91    0.015
    1    92    0.015
   17    78    0.015
   13    25    0.015
   10    25    0.015
    9    28    0.015
   61    76    0.015
    9    39    0.015
   22    75    0.015
    2    29    0.015
   21    74    0.015
   10    71    0.015
    5    25    0.015
   33    50    0.015
    5    85    0.015
    1    50    0.015
    2    59    0.015
   62    75    0.015
    7    74    0.015
   16    80    0.015
   17    80    0.015
   57    96    0.015
    2    58    0.015
    9    19    0.015
   14    25    0.015
   14    41    0.015
    1    80    0.015
   44    52    0.015
   32    39    0.015
   23    31    0.015
   59    98    0.015
   67    91    0.015
   14    75    0.015
   12    80    0.015
   23    30    0.015
   11    28    0.015
   17    75    0.015
    9    18    0.015
   13    92    0.015
   12    55    0.015
   16    71    0.015
   75    91    0.015
    8    36    0.015
    1    91    0.015
    2    31    0.015
    9    34    0.015
   20    66    0.015
   46    73    0.015
   15    67    0.014
   32    95    0.014
    5    38    0.014
   12    75    0.014
    5    34    0.014
    3    58    0.014
    5    58    0.014
   10    92    0.014
   56    95    0.014
   65    97    0.014
    1    90    0.014
   20    74    0.014
   22    45    0.014
   26    56    0.014
   62    98    0.014
    6    36    0.014
   26    91    0.014
    1    58    0.014
   15    28    0.014
    8    31    0.014
   24    86    0.014
    1    63    0.014
    3    35    0.014
   32    68    0.014
   81    98    0.014
    3    26    0.014
    1    61    0.014
   10    17    0.014
    4    33    0.014
    6    38    0.014
    4    58    0.014
    7    38    0.014
   30    97    0.014
    1    59    0.014
   39    63    0.014
   11    96    0.014
    7    40    0.014
   12    47    0.014
    9    40    0.014
    1    10    0.014
    3    50    0.014
   15    40    0.014
    5    40    0.014
   37    57    0.014
    1    89    0.014
    3    28    0.014
   26    61    0.014
    7    81    0.014
    7    57    0.014
   33    51    0.014
    8    40    0.014
   16    68    0.014
   13    90    0.014
   52    80    0.013
   14    45    0.013
    4    87    0.013
    5    83    0.013
   16    78    0.013
   10    78    0.013
   13    44    0.013
   60    98    0.013
    2    63    0.013
   31    67    0.013
   28    59    0.013
    9    80    0.013
   15    35    0.013
   13    76    0.013
    7    60    0.013
   57    65    0.013
    3    62    0.013
   14    78    0.013
    8    39    0.013
   28    58    0.013
    7    30    0.013
   19    51    0.013
    9    81    0.013
   38    62    0.013
    4    83    0.013
    3    80    0.013
   16    81    0.013
    3    31    0.013
   36    87    0.013
   28    96    0.013
   19    40    0.013
   54    88    0.013
   10    91    0.013
   57    75    0.013
   65    93    0.013
   34    88    0.013
   78    87    0.013
    6    39    0.013
   20    73    0.013
    9    92    0.013
    9    90    0.013
   15    27    0.013
    5    21    0.013
    5    36    0.013
   13    35    0.013
   10    40    0.013
    1    42    0.013
   53    68    0.013
   13    91    0.013
   28    40    0.013
   58    76    0.013
   14    67    0.013
   36    58    0.013
   23    54    0.013
   40    71    0.013
    4    48    0.013
    3    52    0.013
   11    76    0.013
   39    87    0.013
   11    41    0.013
    8    76    0.013
    2    88    0.013
   55    87    0.013
   13    29    0.013
   85    93    0.013
   14    43    0.013
   63    88    0.013
   18    83    0.013
    5    48    0.013
   68    78    0.013
    7    73    0.012
    9    36    0.012
   18    69    0.012
    2    30    0.012
   34    89    0.012
    2    82    0.012
    4    81    0.012
   38    69    0.012
   61    98    0.012
    7    22    0.012
   20    26    0.012
   26    87    0.012
   66    81    0.012
    7    59    0.012
    3    84    0.012
    4    25    0.012
    1    62    0.012
   36    59    0.012
   19    25    0.012
   42    86    0.012
    6    58    0.012
    2    42    0.012
    5    39    0.012
   50    79    0.012
   10    42    0.012
    8    74    0.012
   34    50    0.012
   29    95    0.012
    1    31    0.012
   11    92    0.012
   17    81    0.012
    9    71    0.012
   50    78    0.012
   21    34    0.012
    3    30    0.012
   37    62    0.012
   43    72    0.012
   17    37    0.012
   23    63    0.012
   18    75    0.012
    3    60    0.012
    3    82    0.012
    1    60    0.012
   26    57    0.012
   71    85    0.012
    1    29    0.012
    2    62    0.012
   74    82    0.012
    9    57    0.012
   19    75    0.012
    2    60    0.012
   35    41    0.012
    3    86    0.012
    1    82    0.012
    1    81    0.012
   83    97    0.012
    2    28    0.011
    4    23    0.011
   39    47    0.011
   86    92    0.011
   10    27    0.011
    2    84    0.011
   27    58    0.011
   39    48    0.011
    4    85    0.011
   19    69    0.011
    3    27    0.011
   17    35    0.011
   13    28    0.011
    2    83    0.011
   14    29    0.011
   19    85    0.011
   40    55    0.011
   59    97    0.011
   10    28    0.011
    9    59    0.011
   14    35    0.011
   22    74    0.011
    1    88    0.011
   21    38    0.011
    9    91    0.011
    7    37    0.011
    8    70    0.011
   37    88    0.011
   63    73    0.011
   17    33    0.011
   74    80    0.011
   63    97    0.011
    9    78    0.011
    2    81    0.011
    7    49    0.011
    1    30    0.011
   47    74    0.011
    2    32    0.011
   63    72    0.011
   15    37    0.011
    3    32    0.011
    1    49    0.011
   31    94    0.011
   18    78    0.011
   28    69    0.011
    6    48    0.011
   52    83    0.011
   61    86    0.011
    4    41    0.011
   67    85    0.011
   11    90    0.011
   10    34    0.011
   10    76    0.011
   15    76    0.011
    9    38    0.011
   41    71    0.011
   14    28    0.011
    1    43    0.011
    4    40    0.011
   12    78    0.011
    9    32    0.011
    1    32    0.011
   12    62    0.011
   25    90    0.011
   13    27    0.011
    4    24    0.011
   30    94    0.011
   13    43    0.010
   14    76    0.010
   18    70    0.010
   11    48    0.010
   22    53    0.010
    8    38    0.010
   13    46    0.010
   76    89    0.010
   40    72    0.010
    8    73    0.010
    1    41    0.010
   54    67    0.010
   19    79    0.010
   65    96    0.010
   12    31    0.010
   65    92    0.010
    8    60    0.010
    3    83    0.010
    5    81    0.010
    2    49    0.010
   17    76    0.010
   10    36    0.010
   55    94    0.010
   80    86    0.010
   29    68    0.010
    5    41    0.010
   13    54    0.010
   72    83    0.010
    1    83    0.010
   69    78    0.010
    9    33    0.010
    7    70    0.010
    4    47    0.010
   12    38    0.010
    3    38    0.010
    3    33    0.010
    3    43    0.010
    7    42    0.010
   24    62    0.010
   73    79    0.010
   12    37    0.010
    4    34    0.010
   20    85    0.010
   60    97    0.010
   34    51    0.010
   16    75    0.010
    1    84    0.010
   19    70    0.010
   48    76    0.010
   54    74    0.010
   11    91    0.010
    9    42    0.010
   25    86    0.010
   13    74    0.010
   74    81    0.010
   41    65    0.010
   29    96    0.010
   80    97    0.010
   18    52    0.010
    1    44    0.010
   10    56    0.010
   41    87    0.010
    1    33    0.010
    1    28    0.010
   17    34    0.010
   14    27    0.010
   72    79    0.010
    3    39    0.009
   77    93    0.009
    1    35    0.009
    9    37    0.009
   28    49    0.009
    2    41    0.009
    3    81    0.009
    3    49    0.009
    7    58    0.009
   45    67    0.009
    8    37    0.009
   11    74    0.009
    6    21    0.009
   31    96    0.009
   10    37    0.009
   38    57    0.009
   51    81    0.009
    2    33    0.009
    6    37    0.009
    9    76    0.009
   59    76    0.009
    2    27    0.009
   31    95    0.009
    8    30    0.009
    8    57    0.009
    3    87    0.009
   20    84    0.009
   65    90    0.009
    3     9    0.009
   19    77    0.009
   84    96    0.009
   11    38    0.009
   10    38    0.009
   64    90    0.009
   13    73    0.009
   14    40    0.009
    5    47    0.009
   33    92    0.009
    3    44    0.009
   31    39    0.009
    3    36    0.009
   14    63    0.009
   68    79    0.009
   11    60    0.009
    1    86    0.009
   18    80    0.009
   12    76    0.009
    2    86    0.009
    2    26    0.009
   14    74    0.009
   11    36    0.009
   21    36    0.009
   12    36    0.009
   15    33    0.009
   15    70    0.009
   19    26    0.009
    9    31    0.009
   17    36    0.008
   19    82    0.008
   32    40    0.008
   27    59    0.008
    9    58    0.008
    9    17    0.008
   31    68    0.008
    9    74    0.008
   67    83    0.008
   12    34    0.008
   12    43    0.008
    1    34    0.008
   25    62    0.008
   33    88    0.008
    4    38    0.008
   24    47    0.008
    2    35    0.008
   16    28    0.008
   38    49    0.008
    4    36    0.008
   12    30    0.008
    5    37    0.008
   17    69    0.008
    2     9    0.008
   15    38    0.008
   24    54    0.008
   12    74    0.008
   16    76    0.008
   27    93    0.008
   61    97    0.008
    6    47    0.008
   22    33    0.008
   10    60    0.008
   23    85    0.008
   11    37    0.008
    8    42    0.008
   39    71    0.008
   17    70    0.008
   24    87    0.008
   26    90    0.008
    1    87    0.008
   30    67    0.008
   17    74    0.008
   30    95    0.008
   16    27    0.008
   78    96    0.008
    3    85    0.008
   53    71    0.008
   18    40    0.008
   29    49    0.008
   15    74    0.008
   13    38    0.008
   61    75    0.008
   21    77    0.008
   60    76    0.008
   11    73    0.008
    1    48    0.008
    3    34    0.008
    1    27    0.008
   14    73    0.008
   17    73    0.008
    1    40    0.008
   15    31    0.008
    2    43    0.008
   10    33    0.008
   58    64    0.008
   19    74    0.008
    1    36    0.008
   13    55    0.008
   38    87    0.008
    6    22    0.008
    1    45    0.008
   48    77    0.008
   64    70    0.008
   10    74    0.008
   13    37    0.008
    4    39    0.008
   49    78    0.008
    1    85    0.008
   16    33    0.008
   40    63    0.008
   30    96    0.008
   16    35    0.008
   41    72    0.008
   49    79    0.008
   15    73    0.008
   37    61    0.008
   63    96    0.008
   64    93    0.008
    8    59    0.008
   33    89    0.008
    6    41    0.008
   30    39    0.008
   27    48    0.008
   29    39    0.008
   61    87    0.007
   41    54    0.007
   15    34    0.007
   11    34    0.007
   18    76    0.007
   62    97    0.007
   20    76    0.007
   79    87    0.007
    1    11    0.007
   11    56    0.007
   56    87    0.007
   12    73    0.007
   79    96    0.007
    3    48    0.007
   48    87    0.007
   69    79    0.007
   16    29    0.007
   38    70    0.007
    2    48    0.007
   10    32    0.007
   10    70    0.007
   37    69    0.007
    3    47    0.007
    1    47    0.007
    2    44    0.007
    3    37    0.007
    5    22    0.007
   12    70    0.007
   18    74    0.007
   35    85    0.007
   71    84    0.007
   10    41    0.007
   14    37    0.007
   54    89    0.007
    1    26    0.007
   56    94    0.007
   20    77    0.007
   16    66    0.007
   55    67    0.007
   12    44    0.007
   15    30    0.007
   41    64    0.007
   13    70    0.007
    1    46    0.007
   18    81    0.007
   18    53    0.007
   25    46    0.007
   16    37    0.007
   47    75    0.007
    2    87    0.007
   51    82    0.007
   32    93    0.007
   20    36    0.007
    2    85    0.007
    1    38    0.007
    2    34    0.007
    9    73    0.007
    2    40    0.007
   63    89    0.007
   40    86    0.007
   82    97    0.007
    2    10    0.007
   13    62    0.007
   24    55    0.007
   71    78    0.007
   22    29    0.007
   19    73    0.007
   11    43    0.007
    2    47    0.007
   15    32    0.007
   81    97    0.007
   35    70    0.007
   12    61    0.007
   21    76    0.007
    9    16    0.007
   20    38    0.007
   18    73    0.007
   14    38    0.007
   64    71    0.007
   34    85    0.007
   21    63    0.007
    3    25    0.007
   14    70    0.007
   11    47    0.007
   35    49    0.007
    4    46    0.007
   10    31    0.007
    1    18    0.007
    8    48    0.007
   20    35    0.007
   15    36    0.007
   19    67    0.007
   10    73    0.007
   19    83    0.007
   63    95    0.007
    6    46    0.006
   16    34    0.006
    1    39    0.006
    1    37    0.006
   52    73    0.006
   65    91    0.006
    3    45    0.006
   39    46    0.006
    2    46    0.006
   18    67    0.006
    4    21    0.006
   50    85    0.006
   51    63    0.006
   46    74    0.006
   11    70    0.006
   52    81    0.006
    8    58    0.006
   22    63    0.006
   12    32    0.006
   68    83    0.006
    5    46    0.006
   55    72    0.006
    6    44    0.006
    3    46    0.006
   78    95    0.006
    2    38    0.006
    9    41    0.006
   25    87    0.006
    7    41    0.006
   30    68    0.006
   53    93    0.006
   13    45    0.006
    2    45    0.006
   23    55    0.006
   21    37    0.006
    1    19    0.006
   34    87    0.006
   12    33    0.006
   19    66    0.006
   36    86    0.006
   13    36    0.006
   27    92    0.006
   45    73    0.006
   16    32    0.006
   84    94    0.006
   20    37    0.006
   16    74    0.006
   34    69    0.006
   22    28    0.006
   33    86    0.006
    4    44    0.006
   84    95    0.006
    2    36    0.006
   26    47    0.006
    4    37    0.006
   26    60    0.006
   64    92    0.006
    9    70    0.006
   38    61    0.006
   16    69    0.006
   18    34    0.006
   13    30    0.006
   13    31    0.006
   34    86    0.006
   52    61    0.006
   23    84    0.006
    8    19    0.006
   11    59    0.006
   58    96    0.006
   10    48    0.006
    9    30    0.006
   26    58    0.006
   11    44    0.006
   57    95    0.006
   29    40    0.006
    8    14    0.006
   58    75    0.006
   28    84    0.006
    1    17    0.006
   67    82    0.006
   14    31    0.006
   37    60    0.006
    4    22    0.006
   37    87    0.006
   16    40    0.006
   17    32    0.006
    8    41    0.006
   17    27    0.006
   16    36    0.006
   15    63    0.006
   39    45    0.006
   76    92    0.006
   27    88    0.006
   69    83    0.006
    9    48    0.006
    3    24    0.006
   18    66    0.006
   22    32    0.005
    7    48    0.005
   25    56    0.005
   19    76    0.005
    4    45    0.005
   60    96    0.005
   28    93    0.005
   10    59    0.005
   16    65    0.005
   60    86    0.005
    2    39    0.005
    7    20    0.005
   11    31    0.005
   46    52    0.005
   62    88    0.005
   16    52    0.005
   33    85    0.005
   13    34    0.005
   49    65    0.005
    6    45    0.005
   14    30    0.005
   37    58    0.005
   17    40    0.005
   12    46    0.005
   16    31    0.005
   52    82    0.005
   36    69    0.005
   18    35    0.005
   63    94    0.005
   16    64    0.005
    1    20    0.005
    3    23    0.005
   56    74    0.005
   17    38    0.005
   22    31    0.005
   62    96    0.005
   54    93    0.005
   17    66    0.005
    8    47    0.005
   25    61    0.005
   20    64    0.005
   21    33    0.005
   39    62    0.005
   21    27    0.005
   21    83    0.005
   11    30    0.005
   29    69    0.005
   31    40    0.005
   44    87    0.005
   16    73    0.005
   61    96    0.005
   19    35    0.005
   22    30    0.005
    4    43    0.005
   53    60    0.005
   45    52    0.005
   54    72    0.005
   11    33    0.005
   14    36    0.005
   14    34    0.005
   70    85    0.005
   26    85    0.005
   37    59    0.005
    2    37    0.005
   59    96    0.005
    5    45    0.005
   11    32    0.005
   29    93    0.005
   43    87    0.005
   39    56    0.005
   33    87    0.005
    5    44    0.005
   70    84    0.005
   25    57    0.005
   67    80    0.005
    4    10    0.005
   80    96    0.005
   17    28    0.005
    2    25    0.005
    1    25    0.005
   79    95    0.005
   73    82    0.005
   43    65    0.005
   44    73    0.005
    9    47    0.005
    7    47    0.005
   19    52    0.005
   42    54    0.005
   44    65    0.005
   21    62    0.005
   30    49    0.005
   32    69    0.005
   34    91    0.005
   19    34    0.005
   16    38    0.005
   71    79    0.005
   73    80    0.005
   30    40    0.005
   18    33    0.005
   10    30    0.005
   18    27    0.005
   16    53    0.005
   67    81    0.005
   20    79    0.005
    8    18    0.005
   19    80    0.005
   39    86    0.005
   23    62    0.005
    3    21    0.004
   39    72    0.004
   20    65    0.004
   25    44    0.004
   16    70    0.004
   22    85    0.004
    7    46    0.004
    7    13    0.004
   13    32    0.004
   10    47    0.004
   50    80    0.004
    1    21    0.004
   10    43    0.004
   24    85    0.004
   37    70    0.004
   22    62    0.004
   35    42    0.004
   64    91    0.004
   60    75    0.004
   19    78    0.004
   13    61    0.004
    6    12    0.004
   59    65    0.004
   28    86    0.004
   53    59    0.004
   31    88    0.004
   14    32    0.004
   11    58    0.004
   51    83    0.004
   19    53    0.004
   24    61    0.004
   21    82    0.004
   18    37    0.004
   28    48    0.004
   72    80    0.004
   24    46    0.004
   73    81    0.004
   70    78    0.004
   32    88    0.004
   10    44    0.004
   72    82    0.004
   10    58    0.004
   76    90    0.004
   53    92    0.004
   28    88    0.004
   62    74    0.004
   59    75    0.004
   62    95    0.004
   78    94    0.004
   10    57    0.004
   68    82    0.004
   47    65    0.004
   31    93    0.004
   32    92    0.004
   26    41    0.004
    1    24    0.004
   14    33    0.004
    5    43    0.004
   22    84    0.004
   19    81    0.004
   26    84    0.004
   26    59    0.004
   11    57    0.004
   20    82    0.004
   29    84    0.004
   41    86    0.004
   13    33    0.004
   38    86    0.004
   28    92    0.004
    2    20    0.004
   85    91    0.004
    5    11    0.004
   33    69    0.004
    5    20    0.004
   18    38    0.004
   17    31    0.004
   21    54    0.004
    1    23    0.004
   16    30    0.004
   24    73    0.004
   17    29    0.004
   30    93    0.004
   33    84    0.004
    8    15    0.004
   19    36    0.004
   42    73    0.004
   36    85    0.004
   18    36    0.004
   21    79    0.004
   38    60    0.004
   83    96    0.004
   38    71    0.004
    7    44    0.004
   16    67    0.004
    3    20    0.004
   14    62    0.004
    2    21    0.004
    1    16    0.004
   17    67    0.004
   27    89    0.004
    6    43    0.004
    4    20    0.004
   52    71    0.004
   77    89    0.004
    1    22    0.004
    2    24    0.004
   17    53    0.004
   63    69    0.004
   43    53    0.004
   53    70    0.004
    3    22    0.004
   20    83    0.004
   35    84    0.004
   34    90    0.004
   17    52    0.004
   27    91    0.004
   20    34    0.004
   22    76    0.004
    2    19    0.004
   25    85    0.004
   81    96    0.004
    2    23    0.004
   60    87    0.004
    8    46    0.004
   63    70    0.004
   34    84    0.004
   72    81    0.004
   43    86    0.004
   40    62    0.003
    7    45    0.003
   57    86    0.003
   12    45    0.003
   38    44    0.003
   34    41    0.003
   21    28    0.003
   70    79    0.003
    3    10    0.003
   19    33    0.003
   57    74    0.003
   32    85    0.003
   43    64    0.003
   31    49    0.003
   12    60    0.003
   20    54    0.003
   58    65    0.003
    9    44    0.003
   24    84    0.003
   17    65    0.003
   27    71    0.003
   17    64    0.003
   55    73    0.003
   48    78    0.003
   29    48    0.003
   54    92    0.003
   85    92    0.003
    9    43    0.003
   19    37    0.003
   28    70    0.003
   45    65    0.003
   18    65    0.003
   12    56    0.003
   33    91    0.003
   27    86    0.003
   18    28    0.003
   32    86    0.003
    3    11    0.003
   19    38    0.003
   69    82    0.003
   31    69    0.003
   37    86    0.003
   11    46    0.003
   30    88    0.003
   36    49    0.003
   46    65    0.003
    9    46    0.003
   38    59    0.003
   33    90    0.003
   23    76    0.003
   38    58    0.003
   32    89    0.003
   76    91    0.003
   27    70    0.003
   18    64    0.003
   32    49    0.003
   29    92    0.003
   28    85    0.003
   46    87    0.003
   29    88    0.003
   45    87    0.003
   38    47    0.003
    2    22    0.003
   47    53    0.003
   63    71    0.003
   48    86    0.003
   45    74    0.003
   14    54    0.003
    3    19    0.003
   25    84    0.003
   36    42    0.003
   20    27    0.003
   21    29    0.003
   30    69    0.003
   42    85    0.003
   15    54    0.003
   62    94    0.003
    7    43    0.003
   37    43    0.003
    1    12    0.003
   33    49    0.003
    8    16    0.003
   31    85    0.003
    6    20    0.003
    2    18    0.003
   47    87    0.003
   38    48    0.003
   61    95    0.003
   31    92    0.003
   25    73    0.003
   44    86    0.003
   82    96    0.003
    2    11    0.003
   68    81    0.003
   24    74    0.003
   68    80    0.003
   33    41    0.003
   59    86    0.003
   46    75    0.003
    8    44    0.003
   19    64    0.003
   42    63    0.003
   32    87    0.003
   24    56    0.003
   69    80    0.003
   44    64    0.003
   47    76    0.003
   24    44    0.003
   37    49    0.003
   25    58    0.003
   48    65    0.003
   48    79    0.003
   63    90    0.003
   84    93    0.003
   53    90    0.003
   77    92    0.003
   15    62    0.003
   44    53    0.003
   19    27    0.003
   52    60    0.003
   62    73    0.003
   49    80    0.003
   54    73    0.003
   14    61    0.003
   71    83    0.003
   34    70    0.003
   12    59    0.003
   25    60    0.003
   11    45    0.003
   34    49    0.003
    8    17    0.003
   31    89    0.003
   30    84    0.003
   47    86    0.003
   10    46    0.003
   29    85    0.003
    6    13    0.003
    8    45    0.003
   81    87    0.002
   26    42    0.002
   52    70    0.002
   79    94    0.002
    8    43    0.002
   31    86    0.002
   35    71    0.002
   30    92    0.002
   69    81    0.002
   26    73    0.002
   62    89    0.002
   22    54    0.002
   83    95    0.002
   61    74    0.002
   20    81    0.002
   17    30    0.002
   31    84    0.002
    9    45    0.002
   58    95    0.002
   32    84    0.002
   19    65    0.002
   21    32    0.002
   24    57    0.002
   23    77    0.002
   25    45    0.002
   20    78    0.002
   10    45    0.002
   27    87    0.002
   47    77    0.002
   13    60    0.002
   78    88    0.002
   57    94    0.002
   37    71    0.002
   28    87    0.002
   20    80    0.002
   63    93    0.002
   22    77    0.002
   80    95    0.002
   24    75    0.002
   28    91    0.002
   21    81    0.002
   20    33    0.002
   44    74    0.002
   49    85    0.002
   40    56    0.002
   16    63    0.002
   39    61    0.002
    7    14    0.002
   80    87    0.002
   31    87    0.002
   24    45    0.002
   24    43    0.002
   38    46    0.002
    7    15    0.002
   30    48    0.002
   21    30    0.002
   54    91    0.002
    6    14    0.002
   18    32    0.002
   53    91    0.002
   29    86    0.002
   70    83    0.002
   78    93    0.002
   61    94    0.002
   71    80    0.002
   50    84    0.002
   28    71    0.002
   59    87    0.002
   59    95    0.002
   41    63    0.002
   38    72    0.002
   28    89    0.002
   41    55    0.002
   43    73    0.002
   60    95    0.002
   29    91    0.002
    4    19    0.002
   23    56    0.002
   49    84    0.002
   30    85    0.002
   51    62    0.002
   29    89    0.002
   83    94    0.002
   50    63    0.002
   58    74    0.002
    5    12    0.002
   12    58    0.002
   27    47    0.002
   38    45    0.002
   23    83    0.002
   36    70    0.002
   22    82    0.002
   25    74    0.002
    1    15    0.002
   81    95    0.002
   25    59    0.002
   20    28    0.002
    4    11    0.002
   27    85    0.002
   27    90    0.002
   61    88    0.002
   18    29    0.002
   14    55    0.002
   77    90    0.002
    3    18    0.002
   21    31    0.002
   79    88    0.002
   22    83    0.002
    2    17    0.002
   40    85    0.002
   23    61    0.002
   27    84    0.002
   62    72    0.002
   19    28    0.002
   26    46    0.002
   15    55    0.002
   30    89    0.002
   32    90    0.002
   32    91    0.002
   33    70    0.002
   55    93    0.002
   35    72    0.002
   35    48    0.002
   52    59    0.002
    5    13    0.002
   12    57    0.002
   30    86    0.002
   49    64    0.002
   27    72    0.002
   24    83    0.002
   32    41    0.002
   63    92    0.002
   55    69    0.002
   30    91    0.002
    5    19    0.002
   15    61    0.002
   82    95    0.002
   25    43    0.002
    7    19    0.002
   29    87    0.002
   84    90    0.002
    4    12    0.002
   42    74    0.002
   39    57    0.002
   24    60    0.002
   58    86    0.002
   48    64    0.002
   34    42    0.002
   41    85    0.002
   56    66    0.002
   13    56    0.002
   20    29    0.002
   71    82    0.002
   43    85    0.002
   13    59    0.002
   50    62    0.002
   23    57    0.002
   50    81    0.002
   42    62    0.002
   31    91    0.002
   59    94    0.002
   58    94    0.002
   23    82    0.002
   21    78    0.002
   60    94    0.002
   24    58    0.002
   71    81    0.002
   32    70    0.002
   16    62    0.002
   20    63    0.002
   30    87    0.002
   31    90    0.002
   29    90    0.002
   46    53    0.002
   70    82    0.002
   17    63    0.002
   25    75    0.002
   26    74    0.002
   30    90    0.002
   37    85    0.002
   70    80    0.002
    2    12    0.002
   21    80    0.002
   47    64    0.002
    1    13    0.002
   48    80    0.002
   19    32    0.002
   63    91    0.001
   52    58    0.001
   77    91    0.001
   29    70    0.001
   46    86    0.001
   39    60    0.001
   60    74    0.001
   58    87    0.001
   14    60    0.001
    7    18    0.001
   36    48    0.001
   62    93    0.001
   38    85    0.001
   18    54    0.001
   54    69    0.001
   80    94    0.001
   18    31    0.001
   54    68    0.001
   22    55    0.001
   45    75    0.001
   36    84    0.001
   29    79    0.001
   55    88    0.001
   39    85    0.001
   61    73    0.001
   31    48    0.001
   82    88    0.001
    5    15    0.001
   59    74    0.001
    6    16    0.001
   50    82    0.001
   60    66    0.001
   45    86    0.001
   50    83    0.001
   41    62    0.001
   62    90    0.001
   45    64    0.001
   28    90    0.001
   22    61    0.001
   81    94    0.001
   36    71    0.001
   27    42    0.001
    6    15    0.001
   62    68    0.001
    1    14    0.001
   40    61    0.001
   79    93    0.001
   24    59    0.001
   70    81    0.001
    2    16    0.001
   28    47    0.001
   47    78    0.001
   35    43    0.001
   19    29    0.001
   83    89    0.001
   20    32    0.001
    6    19    0.001
   18    30    0.001
   13    58    0.001
   44    85    0.001
   43    63    0.001
   29    47    0.001
   22    81    0.001
   20    30    0.001
   46    64    0.001
   33    42    0.001
   33    83    0.001
    7    17    0.001
    3    17    0.001
   41    73    0.001
   56    73    0.001
   36    43    0.001
   18    63    0.001
   34    71    0.001
   61    67    0.001
   13    57    0.001
   19    31    0.001
    4    18    0.001
   25    83    0.001
   82    94    0.001
   84    92    0.001
   42    55    0.001
   57    73    0.001
   32    48    0.001
   40    73    0.001
   21    55    0.001
   34    83    0.001
   56    93    0.001
   46    76    0.001
   45    53    0.001
   54    90    0.001
   20    31    0.001
   26    75    0.001
   62    70    0.001
   22    79    0.001
   51    57    0.001
   49    81    0.001
   61    89    0.001
   43    54    0.001
   47    79    0.001
   29    77    0.001
   37    48    0.001
   19    54    0.001
   30    70    0.001
    6    17    0.001
   83    93    0.001
   28    41    0.001
   44    54    0.001
    7    16    0.001
   31    41    0.001
   55    71    0.001
   47    54    0.001
   33    48    0.001
   31    70    0.001
   26    44    0.001
    5    18    0.001
   56    72    0.001
   27    41    0.001
    3    12    0.001
   19    30    0.001
   20    55    0.001
   62    71    0.001
   37    72    0.001
   48    85    0.001
   43    74    0.001
    6    18    0.001
   39    59    0.001
   43    62    0.001
   46    77    0.001
   24    82    0.001
   28    72    0.001
   61    93    0.001
   62    92    0.001
    4    14    0.001
   44    75    0.001
   62    69    0.001
   58    73    0.001
   37    44    0.001
   84    91    0.001
   49    63    0.001
    4    15    0.001
   26    83    0.001
   57    87    0.001
   51    61    0.001
   39    73    0.001
   42    84    0.001
   20    62    0.001
   17    62    0.001
   19    63    0.001
   22    56    0.001
    5    14    0.001
   16    54    0.001
   17    54    0.001
   37    47    0.001
   39    58    0.001
   54    71    0.001
   61    72    0.001
   44    63    0.001
    3    16    0.001
   62    91    0.001
   50    56    0.001
   56    88    0.001
   23    79    0.001
   34    48    0.001
   57    66    0.001
    5    16    0.001
   81    88    0.001
   48    54    0.001
   49    83    0.001
   55    68    0.001
   24    76    0.001
   60    73    0.001
   14    59    0.001
   29    83    0.001
   32    83    0.001
   23    60    0.001
   16    61    0.001
   29    41    0.001
   15    60    0.001
   49    55    0.001
   21    61    0.001
   30    41    0.001
   41    74    0.001
   30    47    0.001
   37    45    0.001
   22    57    0.001
   29    71    0.001
   57    67    0.001
   56    89    0.001
   40    57    0.001
   35    83    0.001
   26    43    0.001
   59    73    0.001
   40    74    0.001
   80    88    0.001
   60    88    0.001
   29    80    0.001
   45    76    0.001
   42    75    0.001
   27    46    0.001
   59    66    0.001
   36    72    0.001
   23    81    0.001
   28    83    0.001
   55    92    0.001
   23    58    0.001
   43    84    0.001
   45    85    0.001
   46    54    0.001
   28    82    0.001
   41    61    0.001
   49    82    0.001
   41    84    0.001
   26    77    0.001
   50    57    0.001
    4    13    0.001
   40    60    0.001
    4    17    0.001
   29    78    0.001
   48    84    0.001
    2    15    0.001
   31    83    0.001
   58    93    0.001
    3    13    0.001
   37    46    0.001
   24    77    0.001
   38    73    0.001
   80    93    0.001
   37    84    0.001
   30    83    0.001
   32    42    0.001
   40    84    0.001
   60    93    0.001
   41    56    0.001
   26    82    0.001
   57    93    0.001
   47    85    0.001
    4    16    0.001
   59    93    0.001
    5    17    0.001
   22    80    0.001
   55    89    0.001
   36    47    0.001
   28    42    0.001
   46    78    0.001
   25    76    0.001
   26    45    0.001
   28    79    0.001
   57    72    0.001
   78    89    0.001
   22    78    0.001
   36    44    0.001
   49    62    0.001
   14    56    0.001
   34    72    0.001
   25    82    0.001
   61    90    0.001
   61    69    0.001
   29    82    0.001
   38    84    0.001
   78    92    0.001
   45    77    0.001
   43    75    0.001
   61    70    0.001
   33    71    0.001
   14    58    0.001
   18    62    0.001
   32    71    0.001
   26    76    0.001
   33    82    0.001
    2    13    0.001
   44    62    0.001
   41    75    0.001
   35    44    0.001
   27    83    0.001
   48    81    0.001
   30    82    0.001
   32    82    0.001
   28    46    0.001
   83    92    0.001
   55    91    0.001
   34    43    0.001
   81    93    0.001
   27    79    0.001
   26    79    0.001
    3    15    0.001
   31    82    0.001
   82    93    0.001
   42    61    0.001
   56    67    0.001
   61    92    0.001
   23    59    0.001
   47    80    0.001
   36    83    0.001
   23    78    0.001
   45    63    0.001
   39    84    0.001
   21    56    0.001
   19    62    0.001
   27    77    0.001
   29    81    0.001
   61    71    0.001
   83    90    0.001
   31    47    0.001
   44    84    0.001
   83    91    0.001
   46    85    0.001
   49    56    0.001
   58    66    0.001
   44    76    0.001
   22    60    0.001
   36    46    0.001
   36    45    0.001
   79    89    0.001
   14    57    0.001
   50    61    0.001
   18    55    0.001
   39    74    0.001
   45    54    0.001
   50    58    0.001
   25    77    0.001
   27    73    0.001
   27    74    0.001
   27    75    0.001
   82    89    0.001
    3    14    0.001
   30    71    0.001
   28    81    0.001
   24    79    0.001
   30    80    0.001
   60    67    0.000
   24    81    0.000
   48    83    0.000
   48    63    0.000
   61    91    0.000
   16    55    0.000
   29    46    0.000
   31    80    0.000
   23    80    0.000
   35    47    0.000
   51    60    0.000
   15    56    0.000
   20    56    0.000
   59    67    0.000
   55    70    0.000
   61    68    0.000
   48    82    0.000
   25    79    0.000
   27    82    0.000
   28    77    0.000
   37    73    0.000
   27    44    0.000
   54    70    0.000
   28    80    0.000
   59    88    0.000
   27    43    0.000
   60    89    0.000
   34    82    0.000
   31    79    0.000
    2    14    0.000
   31    81    0.000
   58    88    0.000
   58    72    0.000
   27    76    0.000
   32    47    0.000
   32    80    0.000
   78    90    0.000
   19    55    0.000
   47    84    0.000
   51    58    0.000
   49    57    0.000
   37    83    0.000
   30    81    0.000
   46    79    0.000
   47    63    0.000
   15    59    0.000
   31    71    0.000
   60    72    0.000
   17    55    0.000
   51    59    0.000
   30    79    0.000
   40    59    0.000
   35    82    0.000
   26    81    0.000
   40    75    0.000
   33    47    0.000
   45    84    0.000
   42    56    0.000
   57    88    0.000
   17    61    0.000
   81    89    0.000
   27    81    0.000
   38    83    0.000
   16    60    0.000
   40    58    0.000
   47    55    0.000
   32    81    0.000
   29    72    0.000
   55    90    0.000
   46    63    0.000
   48    56    0.000
   33    72    0.000
   25    81    0.000
   56    92    0.000
   20    61    0.000
   33    43    0.000
   33    80    0.000
   30    46    0.000
   34    47    0.000
   31    77    0.000
   35    73    0.000
   24    78    0.000
   78    91    0.000
   48    55    0.000
   48    62    0.000
   58    67    0.000
   31    42    0.000
   28    78    0.000
   31    78    0.000
   59    72    0.000
   21    57    0.000
   32    79    0.000
   33    81    0.000
   82    90    0.000
   27    45    0.000
   22    58    0.000
   24    80    0.000
   29    42    0.000
   15    58    0.000
   43    76    0.000
   38    74    0.000
   45    62    0.000
   27    80    0.000
   36    73    0.000
   26    78    0.000
   60    92    0.000
   21    60    0.000
   28    73    0.000
   26    80    0.000
   15    57    0.000
   27    78    0.000
   36    82    0.000
   39    83    0.000
   41    60    0.000
   43    61    0.000
   47    81    0.000
   29    76    0.000
   43    55    0.000
   79    92    0.000
   25    78    0.000
   42    83    0.000
   22    59    0.000
   40    83    0.000
   41    57    0.000
   46    84    0.000
   82    92    0.000
   34    81    0.000
   28    75    0.000
   41    83    0.000
   42    76    0.000
   28    74    0.000
   34    44    0.000
   79    90    0.000
   30    77    0.000
   29    75    0.000
   28    76    0.000
   25    80    0.000
   56    71    0.000
   56    69    0.000
   33    79    0.000
   32    77    0.000
   80    89    0.000
   60    90    0.000
   34    80    0.000
   60    68    0.000
   30    78    0.000
   49    61    0.000
   39    75    0.000
   35    81    0.000
   56    68    0.000
   18    61    0.000
   32    78    0.000
   59    92    0.000
   28    45    0.000
   57    89    0.000
   45    78    0.000
   35    46    0.000
   19    56    0.000
   43    83    0.000
   32    43    0.000
   32    72    0.000
   47    83    0.000
   82    91    0.000
   57    92    0.000
   58    92    0.000
   30    72    0.000
   50    60    0.000
   31    46    0.000
   50    59    0.000
   16    56    0.000
   60    71    0.000
   19    61    0.000
   35    80    0.000
   35    45    0.000
   37    82    0.000
   34    73    0.000
   60    91    0.000
   46    62    0.000
   33    77    0.000
   30    42    0.000
   28    43    0.000
   41    76    0.000
   30    75    0.000
   59    89    0.000
   44    77    0.000
   60    69    0.000
   56    90    0.000
   31    76    0.000
   29    74    0.000
   16    59    0.000
   79    91    0.000
   17    60    0.000
   47    82    0.000
   32    46    0.000
   31    75    0.000
   47    62    0.000
   37    74    0.000
   29    73    0.000
   44    55    0.000
   81    92    0.000
   28    44    0.000
   46    80    0.000
   56    91    0.000
   33    78    0.000
   18    56    0.000
   29    45    0.000
   30    76    0.000
   20    60    0.000
   31    72    0.000
   60    70    0.000
   30    74    0.000
   57    71    0.000
   17    56    0.000
   44    83    0.000
   33    46    0.000
   16    58    0.000
   32    76    0.000
   21    59    0.000
   20    57    0.000
   34    46    0.000
   81    90    0.000
   80    92    0.000
   33    73    0.000
   58    89    0.000
   42    60    0.000
   16    57    0.000
   34    79    0.000
   46    55    0.000
   36    81    0.000
   30    73    0.000
   21    58    0.000
   57    68    0.000
   41    59    0.000
   46    83    0.000
   32    75    0.000
   38    75    0.000
   40    76    0.000
   42    57    0.000
   45    83    0.000
   31    74    0.000
   30    45    0.000
   41    58    0.000
   32    73    0.000
   38    82    0.000
   35    79    0.000
   44    61    0.000
   35    77    0.000
   36    74    0.000
   59    71    0.000
   31    73    0.000
   33    44    0.000
   18    60    0.000
   32    74    0.000
   31    43    0.000
   34    77    0.000
   35    74    0.000
   33    74    0.000
   45    79    0.000
   43    56    0.000
   17    59    0.000
   33    75    0.000
   58    71    0.000
   80    90    0.000
   19    60    0.000
   31    45    0.000
   33    76    0.000
   37    75    0.000
   29    43    0.000
   34    78    0.000
   47    56    0.000
   17    57    0.000
   34    74    0.000
   20    59    0.000
   39    76    0.000
   35    75    0.000
   48    61    0.000
   59    91    0.000
   81    91    0.000
   59    68    0.000
   17    58    0.000
   59    90    0.000
   43    77    0.000
   36    80    0.000
   39    82    0.000
   34    75    0.000
   45    55    0.000
   20    58    0.000
   19    57    0.000
   46    81    0.000
   57    91    0.000
   35    78    0.000
   36    75    0.000
   57    90    0.000
   40    82    0.000
   46    82    0.000
   42    82    0.000
   37    81    0.000
   41    82    0.000
   35    76    0.000
   32    45    0.000
   34    76    0.000
   18    59    0.000
   44    78    0.000
   18    57    0.000
   30    43    0.000
   19    59    0.000
   38    76    0.000
   49    58    0.000
   34    45    0.000
   80    91    0.000
   42    77    0.000
   36    79    0.000
   56    70    0.000
   32    44    0.000
   49    60    0.000
   18    58    0.000
   36    77    0.000
   29    44    0.000
   43    82    0.000
   37    76    0.000
   36    76    0.000
   19    58    0.000
   41    77    0.000
   57    69    0.000
   45    61    0.000
   30    44    0.000
   43    60    0.000
   42    59    0.000
   33    45    0.000
   45    80    0.000
   36    78    0.000
   48    57    0.000
   38    81    0.000
   31    44    0.000
   45    82    0.000
   42    58    0.000
   40    77    0.000
   37    77    0.000
   37    80    0.000
   44    82    0.000
   58    91    0.000
   39    77    0.000
   38    77    0.000
   58    90    0.000
   37    79    0.000
   44    56    0.000
   47    61    0.000
   37    78    0.000
   58    68    0.000
   44    79    0.000
   38    80    0.000
   38    79    0.000
   43    78    0.000
   39    81    0.000
   38    78    0.000
   45    81    0.000
   57    70    0.000
   46    61    0.000
   43    57    0.000
   39    78    0.000
   39    79    0.000
   39    80    0.000
   42    78    0.000
   40    81    0.000
   40    78    0.000
   41    78    0.000
   42    81    0.000
   43    79    0.000
   44    80    0.000
   41    81    0.000
   43    81    0.000
   44    60    0.000
   40    79    0.000
   49    59    0.000
   44    81    0.000
   43    59    0.000
   40    80    0.000
   42    79    0.000
   43    80    0.000
   41    79    0.000
   59    70    0.000
   42    80    0.000
   41    80    0.000
   46    56    0.000
   43    58    0.000
   59    69    0.000
   45    56    0.000
   48    60    0.000
   45    60    0.000
   44    59    0.000
   58    70    0.000
   46    60    0.000
   44    57    0.000
   44    58    0.000
   45    59    0.000
   47    60    0.000
   58    69    0.000
   47    57    0.000
   45    57    0.000
   45    58    0.000
   46    59    0.000
   48    58    0.000
   48    59    0.000
   47    59    0.000
   46    57    0.000
   46    58    0.000
   47    58    0.000
