4278	154.1647
   52    66    1.000
   50    68    1.000
   51    67    0.999
   54    64    0.999
   53    65    0.999
   22    41    0.999
   51    88    0.999
   53    86    0.998
   52    87    0.998
   50    89    0.998
   22    39    0.998
   49    69    0.998
   50    67    0.997
   23    40    0.997
   55    63    0.996
   21    42    0.996
   22    40    0.995
   51    66    0.994
   56    62    0.993
   24    39    0.993
   52    65    0.992
   51    87    0.992
   50    66    0.992
   49    89    0.992
   52    86    0.991
   23    39    0.989
   54    63    0.988
   54    85    0.988
   50    88    0.988
   55    84    0.988
   23    94    0.986
   53    64    0.986
   23    42    0.985
   53    85    0.978
   54    84    0.977
   51    86    0.974
   49    90    0.974
   22    93    0.973
   55    62    0.966
   50    69    0.963
   24    38    0.962
   52    64    0.961
   22    42    0.958
   21    41    0.957
   25    66    0.951
   26    35    0.945
   24    94    0.944
   49    68    0.944
   25    67    0.943
   53    84    0.940
   25    40    0.940
   51    69    0.939
   26    66    0.929
   22    94    0.928
   54    62    0.928
   20    41    0.909
   55    83    0.908
   75    86    0.901
   72    88    0.888
   23    68    0.880
   56    83    0.875
   77    84    0.861
   51    89    0.847
   23    93    0.839
   49    70    0.834
   24    93    0.830
   24    37    0.827
   21    50    0.813
   47    70    0.797
   21    49    0.793
   23    50    0.792
   24    36    0.788
   72    86    0.784
   49    88    0.780
   24    95    0.776
   48    70    0.768
   26    36    0.766
   56    84    0.760
   22    92    0.758
   26    67    0.752
   42    68    0.747
   55    65    0.746
   54    86    0.741
   89    95    0.741
   47    69    0.739
   52    88    0.738
   50    94    0.733
   54    65    0.727
   21    48    0.725
   26    65    0.718
   23    67    0.717
   51    72    0.717
   39    93    0.713
   56    82    0.708
   50    90    0.697
   25    68    0.690
   24    35    0.687
   24    67    0.685
   56    63    0.678
   48    69    0.674
   47    68    0.670
   78    84    0.667
   26    64    0.665
   76    86    0.659
   53    66    0.649
   25    38    0.646
   20    42    0.646
   27    64    0.643
   24    66    0.638
   55    82    0.637
   57    82    0.626
   55    64    0.622
   26    37    0.617
   77    86    0.614
   24    68    0.609
   77    83    0.608
   27    65    0.607
   25    39    0.604
   24    40    0.603
   23    41    0.600
   25    37    0.591
   76    84    0.587
   53    87    0.582
   29    63    0.568
   28    35    0.567
   23    95    0.566
   51    68    0.563
   25    36    0.561
   24    96    0.556
   68    88    0.544
   57    83    0.543
   88    94    0.538
   76    83    0.538
   55    85    0.535
   57    63    0.534
   51    65    0.532
   42    50    0.525
   35    66    0.525
   52    67    0.524
   29    35    0.517
   29    64    0.516
   48    68    0.507
   48    90    0.507
   27    37    0.507
   87    94    0.505
   21    94    0.504
   76    85    0.501
   74    86    0.497
   25    35    0.482
   27    66    0.478
   50    93    0.476
   21    92    0.474
   38    93    0.473
   26    68    0.472
   87    96    0.467
   49    72    0.467
   75    85    0.463
   28    64    0.462
   53    67    0.459
   23    66    0.453
   21    93    0.452
   39    94    0.452
   56    85    0.449
   73    86    0.448
   50    72    0.443
   68    89    0.443
   53    77    0.439
   55    79    0.436
   25    65    0.434
   50    95    0.425
   40    68    0.424
   68    94    0.417
   28    63    0.417
   23    69    0.407
   27    35    0.400
   26    34    0.399
   49    91    0.396
   21    44    0.392
   52    89    0.391
   73    88    0.387
   69    88    0.386
   35    94    0.384
   71    88    0.377
   72    87    0.376
   52    85    0.372
   27    63    0.370
   28    34    0.368
   46    70    0.367
   87    95    0.366
   35    64    0.359
   27    36    0.359
   20    43    0.358
   53    63    0.357
   57    81    0.356
   72    89    0.356
   65    75    0.355
   23    89    0.354
   20    92    0.351
   77    85    0.349
   50    91    0.345
   21    47    0.344
   54    87    0.344
   37    94    0.344
   29    65    0.334
   30    63    0.330
   38    94    0.329
   26    33    0.329
   87    97    0.328
   75    84    0.327
   42    94    0.325
   48    91    0.324
   21    43    0.323
   40    66    0.322
   30    62    0.321
   67    73    0.317
   22    68    0.315
   28    65    0.314
   37    93    0.310
   26    38    0.309
   21    88    0.305
   28    66    0.304
   63    77    0.303
   29    62    0.303
   28    36    0.302
   23    49    0.296
   44    68    0.296
   48    89    0.293
   40    93    0.292
   58    82    0.290
   49    94    0.290
   29    66    0.289
   21    68    0.287
   72    94    0.285
   30    64    0.282
   39    66    0.281
   21    89    0.278
   53    79    0.271
   65    77    0.270
   52    95    0.266
   38    66    0.265
   36    94    0.262
   52    94    0.258
   52    98    0.255
   22    50    0.252
   19    48    0.248
   65    76    0.246
   31    62    0.245
   50    92    0.242
   23    98    0.242
   64    77    0.238
   42    49    0.238
   23    88    0.234
   19    47    0.232
   36    93    0.231
   64    84    0.230
   58    81    0.230
   24    97    0.229
   39    68    0.229
   62    79    0.228
   37    96    0.228
   87    98    0.225
   20    48    0.225
   24    98    0.224
   22    38    0.223
   50    98    0.222
   65    72    0.220
   89    96    0.219
   50    87    0.218
   75    88    0.218
   25    64    0.217
   23    71    0.216
   29    36    0.215
   66    86    0.213
   63    78    0.211
   44    50    0.210
   20    44    0.209
   67    75    0.208
   26    32    0.206
   48    94    0.206
   55    61    0.204
   54    83    0.203
   23    92    0.202
   23    51    0.200
   52    97    0.200
   63    79    0.193
   69    86    0.192
   51    77    0.192
   61    79    0.191
   48    71    0.191
   65    74    0.191
   10    66    0.190
   35    93    0.189
   12    18    0.189
   30    36    0.188
   71    86    0.187
   51    75    0.187
   66    72    0.185
   40    94    0.185
   65    73    0.184
   42    70    0.183
   25    50    0.183
   42    93    0.181
   30    61    0.178
   62    82    0.178
   66    75    0.177
   58    83    0.177
   79    86    0.177
   68    95    0.175
   67    74    0.175
   25    52    0.172
   31    63    0.170
   42    89    0.169
   21    46    0.168
   22    69    0.168
   41    68    0.166
   19    44    0.165
   64    76    0.164
   28    62    0.163
   35    97    0.161
   28    37    0.160
   51    73    0.160
    8    64    0.159
   74    88    0.159
   49    71    0.159
   32    64    0.159
   31    64    0.158
   62    78    0.158
   19    43    0.157
   31    61    0.156
   44    70    0.156
   22    71    0.156
   68    98    0.154
   39    89    0.153
   55    77    0.152
   23    38    0.151
   49    93    0.150
   73    87    0.150
    8    86    0.150
   71    94    0.149
    8    66    0.148
   23    70    0.148
   63    76    0.147
   79    85    0.146
   74    87    0.144
   36    97    0.144
   27    34    0.144
   53    75    0.143
   21    45    0.143
   22    95    0.143
   12    19    0.142
   75    87    0.141
   74    85    0.141
   55    81    0.140
   23    72    0.140
   23    52    0.139
   66    88    0.139
   51    94    0.136
   64    79    0.135
   35    68    0.135
    9    21    0.133
   19    49    0.132
   37    95    0.132
   48    92    0.132
   62    84    0.132
   54    61    0.131
   29    61    0.131
   36    96    0.131
    8    21    0.131
   78    85    0.129
   42    66    0.129
   50    97    0.128
   75    83    0.128
   69    89    0.127
   68    86    0.126
   86    96    0.126
   51    95    0.126
   23    97    0.125
    6    23    0.125
    7    22    0.124
   60    82    0.124
    9    20    0.124
   32    62    0.124
    5    24    0.124
    7    23    0.123
   47    91    0.123
   89    98    0.122
    7    21    0.122
   46    68    0.122
    6    24    0.121
   10    86    0.121
   26    94    0.120
    8    22    0.120
    4    25    0.120
    8    23    0.120
   61    78    0.119
   37    97    0.119
   10    19    0.118
    5    23    0.118
   10    21    0.115
   40    50    0.115
   10    20    0.115
   38    68    0.115
    8    20    0.114
   68    93    0.114
   15    49    0.114
   53    72    0.112
   88    96    0.112
    5    25    0.112
    4    26    0.112
    6    22    0.112
   11    18    0.111
   11    19    0.110
    9    19    0.109
   33    64    0.108
   48    72    0.108
   61    81    0.108
   35    52    0.107
    3    26    0.107
   19    46    0.107
   71    89    0.107
   42    48    0.107
   60    81    0.106
   61    80    0.105
   15    50    0.104
   66    84    0.104
   27    38    0.103
    4    24    0.102
   21    69    0.102
   59    82    0.102
   69    94    0.102
    6    25    0.101
    8    88    0.101
   38    64    0.100
   72    93    0.100
   11    17    0.100
   52    93    0.100
    8    51    0.100
   64    75    0.100
   27    33    0.100
   13    19    0.100
   21    71    0.100
   51    74    0.099
   47    90    0.099
   26    98    0.098
   57    79    0.098
   35    63    0.098
   59    81    0.097
   10    18    0.097
   40    67    0.097
   59    83    0.097
   39    97    0.096
   11    20    0.096
   35    67    0.096
   40    97    0.095
   56    81    0.094
   25    94    0.094
    3    25    0.094
   30    60    0.094
   88    95    0.094
   64    86    0.094
   20    49    0.093
   61    82    0.093
   43    50    0.093
   38    96    0.093
   22    70    0.093
   64    82    0.092
   43    68    0.092
   52    96    0.092
   23    96    0.092
   12    68    0.091
   55    80    0.090
   78    86    0.090
   20    71    0.090
   66    73    0.090
   23    53    0.089
   11    50    0.089
    5    22    0.089
   57    84    0.088
   26    52    0.088
    7    20    0.087
   12    50    0.087
   32    63    0.087
   26    63    0.087
   19    45    0.086
   66    74    0.086
   35    98    0.086
   21    70    0.085
   66    98    0.084
   60    83    0.083
   10    51    0.083
   53    74    0.083
   31    60    0.083
   24    50    0.083
   89    97    0.081
   76    87    0.081
   38    97    0.081
   29    53    0.079
   29    55    0.079
   32    61    0.079
   62    80    0.079
   41    94    0.079
   35    96    0.078
   57    80    0.078
   68    97    0.077
   71    96    0.077
   12    66    0.076
   40    96    0.076
   42    90    0.076
   53    78    0.076
   15    51    0.075
   15    86    0.075
   46    69    0.075
   66    94    0.075
   18    48    0.075
   36    66    0.075
    7    24    0.074
   15    48    0.074
   24    34    0.073
   18    88    0.072
   64    78    0.072
   40    89    0.072
    8    52    0.072
   13    86    0.071
   15    21    0.071
    9    22    0.071
   42    69    0.071
   48    93    0.071
   22    89    0.071
   45    70    0.070
   21    87    0.070
   26    50    0.070
   24    64    0.070
   12    51    0.070
   68    96    0.070
   10    64    0.070
   35    95    0.069
   21    66    0.069
    3    27    0.069
   66    76    0.068
   62    81    0.068
   41    50    0.068
   21    72    0.068
   12    20    0.068
   36    95    0.067
   42    97    0.067
   39    92    0.067
   24    69    0.067
   18    49    0.066
   42    92    0.066
   50    96    0.066
   35    65    0.066
   29    60    0.065
   73    89    0.065
   22    72    0.065
    9    66    0.065
   23    48    0.065
   35    88    0.064
   66    77    0.064
   42    91    0.064
    2    26    0.064
   29    52    0.064
    2    27    0.064
   26    88    0.064
   60    80    0.064
    6    26    0.064
   37    66    0.063
   38    89    0.063
   29    57    0.063
    5    89    0.063
   26    87    0.062
   13    77    0.062
   63    75    0.062
   62    77    0.062
   18    47    0.062
   31    66    0.061
   49    92    0.061
   23    37    0.061
   11    51    0.061
   72    95    0.060
    6    88    0.060
   20    72    0.060
   85    97    0.060
   25    95    0.059
    4    89    0.059
   25    53    0.059
   20    47    0.058
   14    68    0.057
   10    52    0.057
   14    86    0.057
   22    97    0.057
    8    24    0.057
   23    91    0.057
    9    86    0.057
    5    26    0.056
   71    98    0.056
    9    18    0.056
   43    49    0.056
   13    50    0.056
   39    96    0.056
   38    95    0.055
   19    42    0.055
   21    97    0.055
   25    98    0.055
   33    62    0.054
   15    68    0.054
   41    93    0.054
    8    50    0.053
   20    70    0.053
    5    52    0.053
   24    65    0.053
   36    98    0.053
   85    98    0.052
   10    50    0.052
   20    97    0.052
   47    71    0.052
   67    98    0.051
   51    71    0.051
   25    97    0.051
   27    53    0.050
   53    80    0.050
   43    70    0.049
   39    91    0.049
   13    51    0.049
   20    50    0.049
   10    84    0.049
   14    72    0.049
   26    97    0.049
    1    98    0.049
   49    73    0.049
   39    90    0.049
   65    71    0.049
   68    92    0.048
    8    19    0.048
   32    60    0.048
    5    88    0.048
   38    92    0.048
   77    87    0.048
   14    71    0.047
   63    82    0.047
   13    84    0.047
   26    69    0.047
   32    66    0.047
   12    86    0.047
   24    53    0.047
   55    78    0.047
   14    74    0.047
    8    87    0.047
   19    41    0.047
   35    62    0.047
   48    98    0.047
   37    98    0.047
   26    53    0.046
   76    88    0.046
   21    95    0.046
   11    21    0.045
   86    97    0.045
   10    68    0.045
   44    90    0.045
   47    92    0.045
   51    93    0.045
   87    93    0.045
   12    48    0.045
   32    52    0.044
   67    94    0.044
   21    91    0.044
   21    51    0.044
   56    79    0.043
    4    27    0.043
   21    53    0.043
    1    95    0.043
   22    91    0.043
    7    66    0.043
   60    79    0.043
   30    57    0.043
    6    64    0.043
   41    49    0.043
   12    21    0.043
   20    94    0.043
   22    88    0.042
   69    98    0.042
   41    97    0.042
    2    95    0.042
    9    50    0.042
    8    53    0.042
   70    88    0.042
   71    97    0.042
   18    44    0.042
   13    20    0.042
   63    81    0.042
   20    45    0.041
   14    48    0.041
   13    53    0.041
   35    89    0.041
   12    72    0.041
   24    33    0.041
    9    51    0.040
   34    64    0.040
   12    49    0.040
   72    98    0.040
   26    95    0.040
   47    94    0.040
   42    95    0.040
   36    68    0.040
   40    95    0.039
   11    48    0.039
   40    70    0.039
   66    89    0.039
   25    96    0.039
   72    92    0.039
   85    96    0.039
    1    93    0.039
    1    94    0.039
   11    77    0.038
   39    50    0.038
   68    75    0.038
   71    95    0.038
    7    88    0.038
   11    66    0.038
    5    95    0.038
   46    91    0.037
   40    92    0.037
    5    51    0.037
   34    63    0.037
   10    77    0.037
   29    37    0.037
    5    93    0.037
   13    49    0.037
   50    70    0.037
   54    98    0.037
    9    52    0.037
   39    95    0.037
    9    84    0.037
    2    28    0.037
   19    71    0.037
   23    90    0.037
   53    76    0.037
   15    88    0.037
   10    17    0.037
   86    98    0.036
   18    50    0.036
    9    55    0.036
   18    72    0.036
   51    76    0.036
   30    66    0.036
   44    91    0.036
   34    97    0.036
   29    54    0.036
   65    78    0.036
   39    52    0.036
    5    69    0.035
   18    71    0.035
   67    86    0.035
   43    94    0.035
   34    98    0.035
   51    98    0.035
   12    74    0.035
   34    66    0.035
   44    93    0.035
   12    52    0.035
   49    98    0.034
    1    27    0.034
   21    86    0.034
    4    93    0.034
   69    87    0.034
   15    84    0.034
   25    69    0.034
   33    66    0.034
    5    87    0.034
    8    89    0.034
   11    49    0.034
   34    94    0.034
   18    42    0.034
    4    95    0.033
    9    85    0.033
   90    96    0.033
   37    92    0.033
   44    97    0.033
   41    47    0.033
   22    67    0.033
   26    89    0.033
   18    86    0.033
   31    52    0.033
    6    89    0.033
    2    25    0.033
   14    88    0.032
   13    68    0.032
   65    84    0.032
   27    67    0.032
   40    90    0.032
   10    22    0.032
   40    49    0.032
    4    90    0.032
    6    86    0.032
   63    80    0.032
   18    46    0.032
   22    96    0.032
    9    53    0.032
   49    95    0.032
   16    74    0.031
    7    86    0.031
   20    90    0.031
   69    75    0.031
   25    54    0.031
   66    95    0.031
   39    88    0.031
   27    62    0.031
   70    94    0.031
    5    94    0.031
   18    89    0.031
   61    83    0.031
   44    94    0.031
   20    46    0.031
    7    87    0.031
   31    57    0.031
   25    63    0.031
   11    68    0.031
   24    92    0.031
   18    51    0.030
   18    43    0.030
   23    47    0.030
    4    92    0.030
    5    64    0.030
    7    64    0.030
   36    64    0.030
    4    98    0.030
    3    24    0.030
   10    88    0.030
   88    97    0.030
   46    71    0.030
   45    68    0.030
   36    92    0.030
    2    98    0.030
   69    97    0.030
   19    92    0.030
   55    86    0.030
    1    28    0.030
   13    48    0.029
   12    84    0.029
    2    97    0.029
   68    74    0.029
   19    97    0.029
   19    72    0.029
   12    71    0.029
   43    97    0.029
   17    72    0.029
   75    94    0.029
    5    55    0.029
   53    73    0.029
    4    88    0.029
   17    71    0.029
   35    92    0.029
   86    94    0.029
    6    21    0.029
   42    88    0.029
   30    37    0.028
   25    62    0.028
   32    57    0.028
    1    96    0.028
    6    55    0.028
    1    89    0.028
   66    97    0.028
    5    98    0.028
   33    63    0.028
   41    66    0.028
   35    54    0.028
   20    95    0.027
    2    96    0.027
   26    96    0.027
   73    85    0.027
   30    52    0.027
   24    89    0.027
   53    83    0.027
   48    97    0.027
   62    83    0.027
   47    89    0.027
   24    32    0.027
   14    49    0.027
    4    64    0.027
    8    85    0.027
    1    97    0.027
   43    93    0.027
   27    98    0.026
   50    75    0.026
    7    89    0.026
   30    65    0.026
    6    66    0.026
   39    70    0.026
   10    53    0.026
   15    77    0.026
    4    94    0.026
   14    50    0.026
   68    90    0.026
   15    47    0.026
    1    92    0.026
   42    51    0.026
   16    72    0.026
   38    91    0.026
   31    54    0.026
    4    51    0.026
   26    39    0.026
   72    97    0.025
    1    26    0.025
   38    52    0.025
   20    89    0.025
    3    28    0.025
    8    69    0.025
    1    91    0.025
   53    98    0.025
   33    97    0.025
   37    68    0.025
   63    84    0.025
   44    89    0.025
    5    86    0.025
   42    71    0.025
   16    71    0.025
   69    95    0.025
   57    85    0.025
   23    35    0.024
   44    92    0.024
   65    79    0.024
   13    79    0.024
    4    52    0.024
   20    91    0.024
    8    55    0.024
   84    97    0.024
   28    52    0.024
   58    80    0.024
   20    93    0.024
   20    88    0.024
   30    54    0.024
   42    98    0.024
   11    52    0.024
   47    93    0.024
   18    87    0.024
   40    91    0.024
   29    67    0.024
   26    86    0.024
   13    66    0.024
   24    52    0.024
   74    84    0.024
   12    88    0.024
   38    90    0.024
   10    79    0.023
   41    89    0.023
   80    86    0.023
   17    48    0.023
   32    54    0.023
   14    20    0.023
   40    52    0.023
   15    74    0.023
   25    93    0.023
   28    61    0.023
   68    91    0.023
    4    91    0.023
   35    50    0.023
   72    96    0.023
   21    96    0.023
   40    98    0.023
   22    90    0.023
   38    65    0.023
   88    98    0.022
   35    87    0.022
    2    94    0.022
   18    92    0.022
   13    21    0.022
   14    84    0.022
   48    95    0.022
   27    52    0.022
   59    80    0.022
   25    34    0.022
   11    86    0.022
   11    53    0.022
    3    93    0.022
   15    75    0.022
   15    53    0.022
   71    93    0.022
   33    61    0.022
    5    90    0.021
   44    69    0.021
   18    45    0.021
   31    65    0.021
    2    93    0.021
    4    28    0.021
   39    87    0.021
   25    56    0.021
   71    87    0.021
   46    90    0.021
   33    98    0.021
    5    53    0.021
   91    97    0.021
   54    79    0.021
    1    90    0.021
   61    77    0.021
   12    69    0.021
   23    36    0.021
   13    88    0.021
   50    73    0.021
   15    71    0.021
   21    90    0.020
   24    88    0.020
   19    50    0.020
   43    89    0.020
   34    62    0.020
   43    90    0.020
   12    53    0.020
   51    97    0.020
   13    75    0.020
   10    85    0.020
    6    69    0.020
    6    53    0.020
   11    79    0.020
   21    98    0.020
   17    47    0.020
   37    89    0.020
    4    56    0.020
    6    87    0.020
   48    73    0.020
   60    84    0.020
   46    92    0.020
   77    88    0.020
    3    98    0.019
    1    62    0.019
   27    55    0.019
    8    49    0.019
   30    56    0.019
   25    51    0.019
   18    41    0.019
   24    31    0.019
   11    84    0.019
   43    91    0.019
   70    89    0.019
   41    70    0.019
    3    95    0.019
    4    87    0.019
   10    83    0.019
   17    74    0.019
   67    97    0.019
   11    75    0.019
    9    23    0.018
   50    71    0.018
   10    16    0.018
   14    75    0.018
   23    87    0.018
   12    82    0.018
   36    67    0.018
    5    92    0.018
   12    75    0.018
    7    69    0.018
   31    37    0.018
   31    55    0.018
   28    55    0.018
    7    52    0.018
    6    52    0.018
   61    84    0.018
   51    96    0.018
   67    88    0.017
   18    90    0.017
   66    96    0.017
   39    64    0.017
   26    54    0.017
   23    86    0.017
   40    51    0.017
    9    88    0.017
   25    71    0.017
   38    88    0.017
   29    56    0.017
    5    50    0.017
    8    35    0.017
    5    56    0.017
   76    82    0.017
   18    70    0.017
    9    93    0.017
   48    88    0.017
   67    76    0.017
    6    63    0.017
   22    49    0.017
   33    60    0.017
   16    48    0.017
   22    98    0.017
    6    61    0.017
   22    66    0.017
    7    50    0.017
    5    54    0.017
   11    82    0.017
    6    93    0.017
   69    96    0.016
   15    72    0.016
   51    90    0.016
   40    88    0.016
   86    95    0.016
    5    72    0.016
   38    98    0.016
   46    94    0.016
   12    64    0.016
   30    55    0.016
   35    91    0.016
    4    97    0.016
   32    65    0.016
    6    95    0.016
    8    54    0.016
    4    86    0.016
   39    98    0.016
   40    47    0.016
   43    92    0.016
   53    94    0.016
   17    49    0.016
    1    61    0.016
   11    83    0.016
   27    97    0.016
   17    46    0.015
   18    74    0.015
   53    97    0.015
    8    77    0.015
    6    54    0.015
   27    68    0.015
   69    93    0.015
   42    72    0.015
   21    64    0.015
   68    87    0.015
   47    97    0.015
    7    77    0.015
    7    93    0.015
   14    69    0.015
   38    67    0.015
    9    68    0.015
   67    95    0.015
   56    80    0.015
   40    69    0.015
   20    98    0.015
    9    94    0.015
   15    42    0.015
   28    53    0.015
    3    92    0.015
   20    53    0.015
   66    93    0.015
   54    97    0.015
    9    64    0.015
   15    41    0.015
   10    75    0.015
   64    81    0.015
    1    25    0.015
   14    47    0.015
   46    93    0.015
   37    87    0.015
   41    92    0.014
    4    96    0.014
   84    98    0.014
   18    73    0.014
   62    76    0.014
   28    57    0.014
   79    97    0.014
    9    75    0.014
   31    56    0.014
   20    73    0.014
    7    55    0.014
   17    73    0.014
   24    70    0.014
   22    37    0.014
   28    38    0.014
    4    62    0.014
   35    86    0.014
    5    66    0.014
   49    97    0.014
    9    83    0.014
   10    55    0.014
   33    94    0.014
   10    98    0.014
   21    67    0.014
   40    71    0.014
    8    98    0.014
    5    97    0.014
   40    53    0.014
   13    82    0.014
   53    95    0.014
   45    92    0.014
   64    98    0.014
   23    44    0.014
   16    73    0.014
   58    79    0.014
   33    54    0.013
   37    88    0.013
   23    64    0.013
   25    55    0.013
   42    67    0.013
    7    53    0.013
   26    51    0.013
   12    93    0.013
    6    94    0.013
   10    87    0.013
   16    70    0.013
   36    87    0.013
   53    88    0.013
   42    96    0.013
   41    91    0.013
   67    84    0.013
   14    70    0.013
   38    87    0.013
   13    52    0.013
    3    96    0.013
    6    56    0.013
   28    60    0.013
   11    72    0.013
   24    30    0.013
    5    61    0.013
    5    62    0.013
   28    54    0.013
   34    96    0.013
    7    85    0.013
   67    89    0.013
    3    91    0.013
   15    89    0.013
   83    97    0.013
    8    48    0.013
   65    98    0.013
   73    94    0.013
   16    47    0.013
   45    91    0.013
   32    56    0.012
    9    77    0.012
    2    92    0.012
    4    23    0.012
    1    60    0.012
   30    53    0.012
    8    68    0.012
   19    70    0.012
   14    21    0.012
   33    52    0.012
    9    87    0.012
    5    91    0.012
    8    84    0.012
   17    88    0.012
   50    78    0.012
   12    77    0.012
   39    71    0.012
   17    35    0.012
   70    86    0.012
    3    94    0.012
    7    51    0.012
    4    69    0.012
    7    98    0.012
    6    90    0.012
    6    98    0.012
    3    89    0.012
   19    88    0.012
   19    86    0.012
   17    44    0.012
    6    62    0.012
   42    52    0.012
   17    41    0.012
   47    98    0.012
   17    75    0.012
    7    54    0.012
    3    97    0.012
   45    97    0.012
   19    87    0.012
   19    73    0.012
   10    72    0.012
    8    63    0.012
    7    63    0.012
   11    98    0.012
   60    85    0.012
   14    73    0.012
   25    88    0.011
   39    69    0.011
    1    29    0.011
    8    72    0.011
    6    51    0.011
    1    51    0.011
   67    77    0.011
   16    86    0.011
    1    50    0.011
   45    90    0.011
   63    87    0.011
   32    55    0.011
   13    72    0.011
   37    64    0.011
   37    91    0.011
   14    93    0.011
    5    75    0.011
   66    87    0.011
    5    96    0.011
   13    74    0.011
   31    53    0.011
   23    65    0.011
    7    72    0.011
   40    87    0.011
   12    47    0.011
   75    98    0.011
   44    98    0.011
   30    58    0.011
   41    95    0.011
   41    98    0.011
   28    56    0.011
   70    98    0.011
   17    86    0.011
   75    93    0.011
   25    89    0.011
    8    75    0.011
   12    83    0.011
    2    91    0.011
   27    61    0.011
   17    42    0.011
    1    88    0.011
   70    93    0.011
   20    68    0.011
   84    96    0.010
   15    92    0.010
   37    90    0.010
    8    93    0.010
    9    54    0.010
   39    67    0.010
   10    82    0.010
    3    62    0.010
   40    64    0.010
   72    90    0.010
   41    96    0.010
    3    90    0.010
   17    50    0.010
   23    46    0.010
   79    98    0.010
   15    79    0.010
   29    68    0.010
    9    72    0.010
   25    33    0.010
   26    62    0.010
   16    49    0.010
   15    35    0.010
    7    75    0.010
    9    17    0.010
   57    78    0.010
   38    70    0.010
   64    83    0.010
   61    85    0.010
   86    93    0.010
   18    68    0.010
   20    96    0.010
   31    58    0.010
   18    91    0.010
    4    61    0.010
   14    77    0.010
   46    89    0.010
   24    71    0.010
   77    97    0.010
   20    39    0.010
   10    69    0.010
   20    69    0.010
   12    97    0.010
   26    40    0.010
   14    66    0.010
   16    75    0.010
   19    74    0.010
   43    98    0.010
   71    92    0.010
   45    69    0.010
   26    55    0.010
   42    87    0.009
   12    94    0.009
   40    72    0.009
   75    97    0.009
    1    79    0.009
   74    89    0.009
    9    79    0.009
   25    70    0.009
   13    47    0.009
   27    54    0.009
   20    87    0.009
   32    67    0.009
    1    52    0.009
   14    89    0.009
    6    92    0.009
   67    96    0.009
   31    59    0.009
   32    53    0.009
   65    86    0.009
   10    48    0.009
   17    39    0.009
    2    29    0.009
   21    52    0.009
   72    85    0.009
    7    92    0.009
    4    55    0.009
   10    89    0.009
   58    84    0.009
   11    69    0.009
   45    94    0.009
   17    70    0.009
    8    94    0.009
   27    94    0.009
    9    49    0.009
   10    93    0.009
   77    98    0.009
   55    76    0.009
   46    97    0.009
   39    51    0.009
   17    51    0.009
    4    63    0.009
   10    49    0.009
   26    71    0.009
    7    94    0.009
   17    45    0.009
   44    71    0.009
    4    50    0.009
   36    52    0.009
   41    90    0.009
   50    77    0.009
    4    54    0.009
   20    51    0.009
   11    88    0.008
   45    93    0.008
   53    69    0.008
   34    95    0.008
   64    74    0.008
    9    89    0.008
   34    93    0.008
    9    98    0.008
   18    97    0.008
   12    55    0.008
    5    63    0.008
    8    18    0.008
   70    96    0.008
   27    60    0.008
   14    94    0.008
   15    69    0.008
   18    75    0.008
   36    91    0.008
   26    93    0.008
   35    85    0.008
   10    54    0.008
   25    32    0.008
   54    82    0.008
   44    51    0.008
   69    90    0.008
   36    88    0.008
   64    80    0.008
    5    77    0.008
   49    67    0.008
   10    94    0.008
    3    87    0.008
   15    39    0.008
   11    64    0.008
   12    98    0.008
   29    98    0.008
   35    69    0.008
   56    64    0.008
   22    48    0.008
   17    68    0.008
   16    46    0.008
   44    95    0.008
    7    90    0.008
   17    89    0.008
   55    75    0.008
   32    59    0.008
    8    62    0.008
   75    89    0.008
   77    94    0.008
   60    78    0.008
   29    97    0.007
   19    89    0.007
    3    72    0.007
   66    79    0.007
   28    98    0.007
    2    90    0.007
   63    83    0.007
   32    58    0.007
   15    76    0.007
   43    95    0.007
   14    97    0.007
    7    79    0.007
   92    98    0.007
   36    89    0.007
   28    67    0.007
   33    56    0.007
    9    97    0.007
    4    57    0.007
    7    68    0.007
   35    90    0.007
    9    95    0.007
    1    64    0.007
   27    56    0.007
   14    51    0.007
   72    91    0.007
   72    84    0.007
    7    95    0.007
    2    89    0.007
   15    73    0.007
   70    95    0.007
   16    88    0.007
   12    70    0.007
    7    61    0.007
   24    51    0.007
   19    98    0.007
    5    85    0.007
   82    97    0.007
    3    64    0.007
   14    82    0.007
    9    48    0.007
   25    42    0.007
   25    49    0.007
    8    92    0.007
   64    72    0.007
   70    97    0.007
   11    78    0.007
   32    97    0.007
   16    41    0.007
   76    97    0.007
   50    86    0.007
   15    90    0.007
   51    91    0.007
   27    95    0.007
    1    87    0.007
   20    74    0.007
   15    52    0.007
   59    79    0.007
   11    97    0.007
   15    97    0.007
   32    98    0.007
    1    59    0.007
   44    96    0.007
   14    92    0.007
   51    79    0.007
   13    89    0.007
   12    89    0.007
   11    93    0.007
   34    68    0.007
   14    79    0.007
    6    60    0.007
   18    39    0.007
   46    98    0.007
   24    91    0.007
   26    85    0.007
   23    43    0.007
   38    53    0.007
   12    79    0.007
    4    59    0.007
    3    61    0.007
   15    87    0.007
   15    70    0.007
   25    48    0.007
    9    69    0.007
   90    97    0.007
   73    93    0.006
   15    46    0.006
   17    43    0.006
    5    79    0.006
   59    84    0.006
   49    96    0.006
   38    69    0.006
   47    72    0.006
   53    81    0.006
   13    97    0.006
   13    93    0.006
   48    78    0.006
    6    97    0.006
   36    86    0.006
   15    44    0.006
   63    72    0.006
   55    98    0.006
   35    53    0.006
   16    68    0.006
    6    77    0.006
   19    91    0.006
    7    91    0.006
   71    91    0.006
   35    84    0.006
    4    53    0.006
    4    66    0.006
   33    96    0.006
   34    61    0.006
    4    60    0.006
   36    85    0.006
   11    47    0.006
   26    72    0.006
   15    91    0.006
   14    87    0.006
    1    49    0.006
   27    96    0.006
    3    88    0.006
   54    96    0.006
    8    65    0.006
   19    90    0.006
   13    69    0.006
   28    97    0.006
   17    92    0.006
    2    60    0.006
    8    61    0.006
   17    77    0.006
   41    52    0.006
   73    97    0.006
   28    68    0.006
    6    50    0.006
   73    84    0.006
   25    60    0.006
   74    94    0.006
   39    72    0.006
    6    91    0.006
   23    54    0.006
   45    98    0.006
    5    57    0.006
   16    77    0.006
   22    53    0.006
   34    65    0.006
    8    95    0.006
   13    35    0.006
   18    98    0.006
    2    24    0.006
   71    90    0.006
   13    94    0.006
    9    15    0.006
    2    75    0.006
    7    48    0.006
   10    97    0.006
   49    74    0.006
   24    54    0.006
   59    85    0.006
   69    84    0.006
   65    97    0.006
   47    95    0.006
   58    85    0.006
   17    76    0.006
   73    98    0.005
   12    42    0.005
   41    48    0.005
   63    86    0.005
   31    98    0.005
   33    65    0.005
   11    89    0.005
    5    60    0.005
   75    95    0.005
   25    31    0.005
   13    92    0.005
    8    90    0.005
   29    50    0.005
   35    61    0.005
   80    97    0.005
   26    70    0.005
   16    76    0.005
   36    63    0.005
    1    75    0.005
   15    82    0.005
   33    57    0.005
   54    95    0.005
   14    42    0.005
    6    84    0.005
   62    85    0.005
    2    61    0.005
   74    83    0.005
   51    70    0.005
    6    72    0.005
    7    65    0.005
   53    96    0.005
   22    35    0.005
   44    72    0.005
    9    24    0.005
   50    74    0.005
   30    59    0.005
    4    58    0.005
   13    83    0.005
   12    92    0.005
   38    50    0.005
    1    58    0.005
   29    58    0.005
   13    78    0.005
   20    86    0.005
   79    93    0.005
   18    76    0.005
   11    22    0.005
    9    82    0.005
   11    94    0.005
   17    87    0.005
   21    73    0.005
   91    98    0.005
   25    61    0.005
    6    79    0.005
    4    48    0.005
   18    94    0.005
   40    65    0.005
    4    65    0.005
   14    35    0.005
    1     9    0.005
   43    69    0.005
   33    95    0.005
   32    38    0.005
    8    79    0.005
   22    36    0.005
   15    94    0.005
   10    62    0.005
   13    71    0.005
   41    71    0.005
    1    48    0.005
   14    76    0.005
    8    97    0.005
    3    60    0.005
   15    66    0.005
   23    45    0.005
    7    97    0.005
    4    33    0.005
   45    71    0.005
    6    75    0.005
    3    69    0.005
   13    76    0.005
   76    98    0.005
   56    78    0.005
    2    88    0.005
   37    86    0.005
   24    72    0.005
   53    82    0.005
    5    68    0.005
   22    43    0.005
    7    26    0.005
   22    74    0.005
   63    73    0.005
   39    49    0.005
   68    84    0.005
    1    69    0.005
    3    59    0.005
    4    75    0.005
    4    29    0.005
   45    89    0.005
   16    97    0.005
    1    63    0.005
   69    92    0.005
    7    49    0.005
   37    67    0.005
    9    61    0.005
   66    91    0.005
   19    35    0.005
    3    29    0.004
   38    71    0.004
   73    95    0.004
   43    96    0.004
   54    77    0.004
   11    85    0.004
    8    83    0.004
   24    63    0.004
   19    75    0.004
   83    98    0.004
    2    59    0.004
    7    62    0.004
   52    77    0.004
    1    56    0.004
   32    68    0.004
   10    23    0.004
   29    85    0.004
   65    82    0.004
   61    87    0.004
   41    51    0.004
    1    24    0.004
   69    91    0.004
    1    86    0.004
   33    55    0.004
   85    95    0.004
    3    42    0.004
    9    63    0.004
    9    92    0.004
    1     7    0.004
   17    69    0.004
   31    67    0.004
   52    84    0.004
   77    95    0.004
   73    90    0.004
   39    86    0.004
   11    55    0.004
    1     8    0.004
   15    93    0.004
    1    55    0.004
   67    93    0.004
   33    67    0.004
   23    62    0.004
   14    98    0.004
   13    64    0.004
    6    35    0.004
   18    77    0.004
    1    54    0.004
   19    36    0.004
    6    96    0.004
    8    91    0.004
   76    94    0.004
    3    75    0.004
    4    72    0.004
    2    62    0.004
   14    90    0.004
   73    96    0.004
   10    65    0.004
    4    85    0.004
   21    40    0.004
   12    67    0.004
    4    35    0.004
   17    90    0.004
   12    73    0.004
   12    78    0.004
   90    98    0.004
    6    57    0.004
   27    57    0.004
   16    42    0.004
   53    93    0.004
   36    65    0.004
   49    75    0.004
    7    56    0.004
   29    38    0.004
   15    98    0.004
   18    24    0.004
   13    39    0.004
    3    79    0.004
   58    78    0.004
   63    98    0.004
   16    44    0.004
   29    84    0.004
   47    73    0.004
   64    85    0.004
   75    96    0.004
   37    52    0.004
   34    54    0.004
   17    36    0.004
   13    87    0.004
   78    97    0.004
   13    98    0.004
    7    19    0.004
    4    77    0.004
   52    72    0.004
   30    98    0.004
   66    85    0.004
    5    21    0.004
    5    28    0.004
    6    85    0.004
   16    50    0.004
   18    69    0.004
   17    79    0.004
    5    67    0.004
   11    87    0.004
   69    76    0.004
   16    84    0.004
   36    90    0.004
   18    84    0.004
    1    65    0.004
   79    94    0.004
   10    78    0.004
   29    94    0.004
   38    63    0.004
   22    73    0.004
   33    68    0.004
   14    78    0.004
    6    68    0.004
    2    58    0.004
   12    39    0.004
   17    97    0.004
   19    94    0.004
   75    82    0.004
   12    41    0.004
   10    92    0.004
   55    97    0.004
   12    87    0.004
    7    25    0.004
   65    89    0.004
   48    75    0.004
    8    56    0.004
   48    96    0.004
    5    27    0.004
   16    45    0.004
   24    86    0.004
   51    85    0.004
    7    35    0.003
    5    65    0.003
   68    77    0.003
   49    87    0.003
   51    92    0.003
    2    79    0.003
   54    94    0.003
   11    92    0.003
   10    67    0.003
    5    84    0.003
   66    92    0.003
   34    67    0.003
   74    97    0.003
   14    91    0.003
    3    56    0.003
   44    66    0.003
    1    31    0.003
    9    60    0.003
   37    65    0.003
   41    88    0.003
    3    58    0.003
   21    74    0.003
   36    62    0.003
   16    35    0.003
   31    38    0.003
   63    74    0.003
   39    53    0.003
    8    82    0.003
   34    52    0.003
   13    42    0.003
    3    63    0.003
   82    98    0.003
   51    78    0.003
   47    88    0.003
   17    34    0.003
    4    49    0.003
   65    81    0.003
   16    69    0.003
   79    87    0.003
   16    92    0.003
   27    50    0.003
   79    95    0.003
   30    38    0.003
   35    70    0.003
   13    91    0.003
   48    74    0.003
   14    83    0.003
   18    85    0.003
   64    97    0.003
    1    77    0.003
    1    72    0.003
    1    30    0.003
   80    98    0.003
    9    16    0.003
   41    69    0.003
   74    98    0.003
   14    46    0.003
    6    59    0.003
   16    89    0.003
   29    51    0.003
    1    80    0.003
   20    75    0.003
   46    95    0.003
   32    94    0.003
   10    63    0.003
   41    53    0.003
   26    42    0.003
   14    64    0.003
   64    73    0.003
   28    50    0.003
   73    91    0.003
   52    92    0.003
   68    76    0.003
   78    87    0.003
   12    85    0.003
   14    36    0.003
    1    57    0.003
    8    17    0.003
   16    79    0.003
    5    82    0.003
   45    95    0.003
   54    80    0.003
   46    72    0.003
   66    78    0.003
   19    96    0.003
   15    43    0.003
    5    59    0.003
   10    95    0.003
    1    85    0.003
   44    88    0.003
    1    42    0.003
   17    37    0.003
   77    93    0.003
   13    90    0.003
   29    87    0.003
   63    85    0.003
   17    98    0.003
   25    87    0.003
    2    56    0.003
   34    85    0.003
    6    65    0.003
    7    84    0.003
   43    71    0.003
   45    96    0.003
   29    59    0.003
   31    68    0.003
   29    86    0.003
   11    54    0.003
   64    87    0.003
   56    98    0.003
   42    53    0.003
   33    53    0.003
    5    49    0.003
   26    56    0.003
   57    77    0.003
   25    47    0.003
    2    52    0.003
    2    86    0.003
    3    86    0.003
   15    67    0.003
   79    96    0.003
   17    24    0.003
    3    73    0.003
   15    85    0.003
   77    96    0.003
    4    68    0.003
    2    54    0.003
   22    51    0.003
    3    52    0.003
   19    93    0.003
   39    65    0.003
   16    98    0.003
   18    35    0.003
    7    96    0.003
   10    81    0.003
   63    89    0.003
   43    72    0.003
    2    87    0.003
    3    57    0.003
   12    91    0.003
   28    87    0.003
   36    69    0.003
   28    86    0.003
   32    96    0.003
   13    55    0.003
    9    91    0.003
   27    51    0.003
   41    72    0.003
   23    73    0.003
   76    95    0.003
    1    53    0.003
   15    45    0.003
   66    82    0.003
   11    81    0.003
   38    86    0.003
    6    20    0.003
   16    22    0.003
    5    48    0.002
   13    81    0.002
    2    31    0.002
   12    95    0.002
    4    67    0.002
   12    22    0.002
   19    76    0.002
   15    22    0.002
   40    48    0.002
   28    58    0.002
   16    87    0.002
   33    59    0.002
   12    81    0.002
   12    54    0.002
   34    60    0.002
   13    85    0.002
   31    97    0.002
   37    85    0.002
   35    71    0.002
   47    96    0.002
   21    75    0.002
    1    73    0.002
   69    85    0.002
   17    91    0.002
   12    76    0.002
   30    67    0.002
   11    42    0.002
   53    71    0.002
   33    58    0.002
   17    23    0.002
    1    81    0.002
   16    43    0.002
    8    14    0.002
   10    74    0.002
   22    47    0.002
   17    84    0.002
    7    83    0.002
   14    81    0.002
   65    96    0.002
    1    82    0.002
    8    60    0.002
   19    77    0.002
   37    69    0.002
   74    93    0.002
   56    65    0.002
   12    90    0.002
   69    77    0.002
   55    74    0.002
   33    93    0.002
   34    92    0.002
   28    94    0.002
   21    39    0.002
    6    49    0.002
    3    77    0.002
   35    55    0.002
    8    26    0.002
   32    50    0.002
    6    27    0.002
   12    62    0.002
   65    83    0.002
   14    67    0.002
   15    78    0.002
    3    65    0.002
    3    51    0.002
   52    91    0.002
   41    87    0.002
    5    83    0.002
   29    69    0.002
   73    92    0.002
   24    87    0.002
    4    79    0.002
   11    76    0.002
   18    93    0.002
   23    74    0.002
   19    39    0.002
    7    67    0.002
    2    77    0.002
   11    74    0.002
   14    85    0.002
   35    51    0.002
   78    98    0.002
    2    57    0.002
   24    49    0.002
    8    39    0.002
   13    70    0.002
   37    70    0.002
    8    67    0.002
    1    66    0.002
    8    96    0.002
   23    55    0.002
   46    73    0.002
   35    57    0.002
   13    36    0.002
   11    71    0.002
   76    96    0.002
   74    95    0.002
    9    56    0.002
   65    94    0.002
   46    88    0.002
   22    87    0.002
    7    60    0.002
   56    86    0.002
   48    87    0.002
    3    85    0.002
   11    39    0.002
   36    70    0.002
   14    41    0.002
    2     8    0.002
   16    39    0.002
   81    97    0.002
   47    67    0.002
   55    87    0.002
    9    62    0.002
   19    69    0.002
   13    41    0.002
   36    84    0.002
    2    30    0.002
   15    83    0.002
    1    74    0.002
   11    95    0.002
    2    55    0.002
   71    77    0.002
   54    81    0.002
   70    87    0.002
   15    34    0.002
   57    65    0.002
   10    91    0.002
    1    68    0.002
   18    79    0.002
   24    55    0.002
   21    77    0.002
   26    60    0.002
    5    38    0.002
   11    91    0.002
   14    53    0.002
   35    60    0.002
   23    75    0.002
   22    75    0.002
    1    43    0.002
   16    82    0.002
   25    72    0.002
   33    85    0.002
   34    57    0.002
   11    80    0.002
    5    58    0.002
   36    54    0.002
   74    96    0.002
   15    36    0.002
   52    90    0.002
   70    90    0.002
   23    77    0.002
   43    51    0.002
   18    53    0.002
    3    54    0.002
    1    47    0.002
   19    68    0.002
   65    95    0.002
    2    83    0.002
   64    88    0.002
    3    74    0.002
    8    15    0.002
    5    29    0.002
   30    97    0.002
   50    76    0.002
    9    90    0.002
   25    57    0.002
    1    78    0.002
   19    95    0.002
    5    35    0.002
   29    96    0.002
    6    58    0.002
   15    31    0.002
   61    76    0.002
   10    90    0.002
   54    66    0.002
    9    78    0.002
   21    84    0.002
    2    51    0.002
   70    92    0.002
   20    76    0.002
   22    46    0.002
    2    81    0.002
    2    73    0.002
   18    96    0.002
   76    93    0.002
   21    79    0.002
   16    51    0.002
   16    90    0.002
   14    52    0.002
   22    44    0.002
   24    62    0.002
    8    36    0.002
    2    82    0.002
   62    86    0.002
    2    80    0.002
   43    66    0.002
   25    92    0.002
    6    67    0.002
   45    51    0.002
   19    51    0.002
    2    50    0.002
   53    89    0.002
   13    54    0.002
    6    48    0.002
   10    47    0.002
   52    63    0.002
    4    73    0.002
   28    96    0.002
    6    83    0.002
   27    87    0.002
   48    76    0.002
   19    84    0.002
   63    97    0.002
   62    98    0.002
   10    71    0.002
    3    67    0.002
   24    90    0.002
   50    80    0.002
   13    67    0.002
   64    96    0.002
   11    63    0.002
   13    73    0.002
   38    72    0.002
   67    83    0.002
   26    92    0.002
   41    67    0.002
    2    74    0.002
   28    85    0.002
   26    61    0.002
   15    80    0.002
   28    51    0.001
    9    96    0.001
    3    55    0.001
    2    72    0.001
   75    81    0.001
   66    90    0.001
   14    62    0.001
   16    94    0.001
    1    83    0.001
   85    94    0.001
    4    78    0.001
   36    50    0.001
   13    95    0.001
   56    97    0.001
   23    34    0.001
    9    71    0.001
    1    67    0.001
   36    53    0.001
   14    95    0.001
   13    80    0.001
   10    80    0.001
    7    57    0.001
    5    42    0.001
   21    76    0.001
   38    51    0.001
   35    56    0.001
   28    88    0.001
   12    96    0.001
   10    70    0.001
    1    32    0.001
   46    96    0.001
    6    70    0.001
   65    80    0.001
   26    84    0.001
   25    86    0.001
   40    86    0.001
    4    84    0.001
   52    79    0.001
    4    32    0.001
    3    66    0.001
   57    64    0.001
   56    77    0.001
   10    96    0.001
   34    89    0.001
    1    76    0.001
   59    78    0.001
   34    88    0.001
    2    69    0.001
   30    68    0.001
   64    95    0.001
   19    79    0.001
   67    87    0.001
    5    74    0.001
   22    52    0.001
   11    67    0.001
    3    41    0.001
    8    78    0.001
   64    89    0.001
   39    85    0.001
   11    35    0.001
   16    34    0.001
   13    22    0.001
   54    93    0.001
   12    65    0.001
    7    74    0.001
    2    32    0.001
   40    46    0.001
   20    66    0.001
   16    91    0.001
   19    34    0.001
   31    94    0.001
   17    82    0.001
    8    47    0.001
   51    80    0.001
   27    88    0.001
   11    70    0.001
   53    62    0.001
   34    91    0.001
   14    39    0.001
   26    57    0.001
    4    74    0.001
   12    80    0.001
    2    84    0.001
   25    91    0.001
   21    85    0.001
   43    88    0.001
   15    95    0.001
    3    80    0.001
   14    80    0.001
    4    82    0.001
    8    42    0.001
   17    53    0.001
   34    87    0.001
    6    29    0.001
    7    82    0.001
    9    65    0.001
   70    91    0.001
   37    71    0.001
    1    71    0.001
    3    50    0.001
   29    88    0.001
    6    28    0.001
   16    93    0.001
   10    24    0.001
    5    73    0.001
    9    67    0.001
   18    36    0.001
   22    77    0.001
   17    94    0.001
   34    40    0.001
    3    31    0.001
   31    96    0.001
    9    39    0.001
   36    61    0.001
    4    70    0.001
   57    98    0.001
   27    86    0.001
   12    46    0.001
   42    73    0.001
   14    44    0.001
   61    75    0.001
    4    83    0.001
   17    93    0.001
   67    92    0.001
   32    51    0.001
    1    46    0.001
   27    40    0.001
    2    63    0.001
   17    33    0.001
    9    74    0.001
   24    42    0.001
   34    86    0.001
   27    69    0.001
    6    12    0.001
    2    85    0.001
    1    70    0.001
    6    82    0.001
   47    66    0.001
   50    65    0.001
    1    84    0.001
    2    49    0.001
   14    34    0.001
   22    76    0.001
   33    39    0.001
   17    31    0.001
   33    86    0.001
   16    83    0.001
   13    63    0.001
    9    47    0.001
   16    24    0.001
    9    57    0.001
   28    95    0.001
   17    78    0.001
    2     9    0.001
   14    45    0.001
   60    98    0.001
   51    64    0.001
   52    80    0.001
   28    69    0.001
   18    34    0.001
    2    64    0.001
   39    47    0.001
   22    45    0.001
    8    16    0.001
    5    71    0.001
   67    85    0.001
   34    90    0.001
   61    98    0.001
   16    78    0.001
    3    68    0.001
   34    56    0.001
   29    95    0.001
   18    95    0.001
   13    37    0.001
    3    81    0.001
   71    84    0.001
    3    53    0.001
   10    39    0.001
    3    48    0.001
    7    71    0.001
   60    87    0.001
   11    96    0.001
    8    57    0.001
   62    87    0.001
   38    85    0.001
    9    81    0.001
   14    96    0.001
   13    65    0.001
   16    85    0.001
    7    59    0.001
   33    87    0.001
    3    43    0.001
   22    86    0.001
    3    71    0.001
   81    98    0.001
   10    76    0.001
   22    64    0.001
    9    41    0.001
    1    33    0.001
   54    60    0.001
    2    76    0.001
   22    34    0.001
   64    94    0.001
   54    78    0.001
   67    90    0.001
    2    10    0.001
    5    40    0.001
   30    96    0.001
   73    83    0.001
   27    59    0.001
   38    54    0.001
   67    91    0.001
    7    78    0.001
   20    67    0.001
    4    31    0.001
   17    85    0.001
   30    85    0.001
   15    33    0.001
   11    90    0.001
   52    69    0.001
   16    36    0.001
   44    67    0.001
   30    84    0.001
   23    63    0.001
   33    40    0.001
   11    73    0.001
   55    72    0.001
    3    70    0.001
    7    36    0.001
    2    53    0.001
   65    85    0.001
   20    77    0.001
   44    73    0.001
    2    48    0.001
   37    50    0.001
   19    85    0.001
   15    81    0.001
   49    86    0.001
    1    35    0.001
   32    85    0.001
   52    75    0.001
   15    23    0.001
   74    90    0.001
   27    93    0.001
   21    62    0.001
    7    76    0.001
   12    63    0.001
   23    29    0.001
   10    61    0.001
   36    71    0.001
    2    71    0.001
   82    93    0.001
   80    96    0.001
    9    35    0.001
   33    89    0.001
   32    95    0.001
   28    59    0.001
   33    92    0.001
   17    26    0.001
   45    72    0.001
    5    39    0.001
   38    62    0.001
   30    94    0.001
   11    62    0.001
   15    24    0.001
   20    40    0.001
   62    75    0.001
   14    22    0.001
   55    95    0.001
    4    34    0.001
   10    56    0.001
   13    46    0.001
    3    76    0.001
   44    87    0.001
   11    65    0.001
   13    44    0.001
   19    33    0.001
   60    77    0.001
    7    70    0.001
    1    44    0.001
   48    86    0.001
    8    38    0.001
   27    39    0.001
    5    70    0.001
   56    76    0.001
   27    85    0.001
   63    71    0.001
    3    30    0.001
    6    71    0.001
   31    50    0.001
   52    68    0.001
   23    85    0.001
   71    85    0.001
   15    64    0.001
    4    71    0.001
   27    58    0.001
   33    84    0.001
   83    96    0.001
   15    96    0.001
    2    65    0.001
   62    97    0.001
   66    83    0.001
   79    88    0.001
   65    88    0.001
   32    84    0.001
   28    84    0.001
   34    84    0.001
   10    35    0.001
   15    37    0.001
    7    81    0.001
   13    96    0.001
   23    76    0.001
   50    79    0.001
   14    43    0.001
    1    34    0.001
   37    63    0.001
   18    52    0.001
    6    74    0.001
   67    79    0.001
   12    26    0.001
   11    41    0.001
   57    97    0.001
   61    86    0.001
   12    24    0.001
    1    23    0.001
   34    69    0.001
   42    86    0.001
   24    48    0.001
    8    74    0.001
   20    79    0.001
   58    64    0.001
    2    68    0.001
   45    88    0.001
   11    46    0.001
    7    73    0.001
   18    67    0.001
   16    33    0.001
   12    44    0.001
   58    77    0.001
    2    66    0.001
   39    73    0.001
   19    37    0.001
   68    85    0.001
   26    48    0.001
   47    74    0.001
   34    55    0.001
   23    84    0.001
   55    94    0.001
    2    42    0.001
   26    91    0.001
    1    40    0.001
   56    87    0.001
   51    84    0.001
    2    35    0.001
   26    49    0.001
   18    82    0.001
   10    42    0.001
    4    81    0.001
   76    89    0.001
    3    49    0.001
    8    25    0.001
   27    89    0.001
   10    60    0.001
    8    70    0.001
   19    25    0.001
   49    66    0.001
    5    78    0.001
   35    72    0.001
   31    95    0.001
    5    81    0.001
   32    86    0.001
    3    32    0.001
   80    94    0.001
   14    37    0.001
   80    95    0.001
   30    50    0.001
    3    40    0.001
   55    96    0.001
   19    82    0.001
    7    18    0.001
   16    23    0.001
   49    77    0.001
    5    76    0.001
   33    90    0.001
   16    81    0.001
   65    87    0.001
    7    38    0.001
    4    30    0.001
   84    95    0.001
    4    76    0.001
   10    73    0.001
   58    65    0.001
   34    58    0.001
    4    12    0.001
   55    73    0.001
   74    91    0.001
   29    83    0.001
   38    49    0.001
    2    78    0.001
    3    82    0.001
   12    35    0.001
   15    26    0.001
   34    53    0.001
   53    68    0.001
    2    70    0.001
   32    69    0.001
   75    91    0.001
   80    87    0.001
    5    33    0.001
    7    17    0.001
    4    36    0.001
   18    26    0.001
   30    51    0.001
   70    76    0.001
   52    83    0.001
    3    38    0.001
    9    26    0.001
    5    41    0.001
   26    90    0.001
    8    71    0.001
    3    78    0.001
   43    87    0.001
   57    76    0.001
   73    79    0.001
   31    51    0.001
   19    26    0.001
   33    88    0.001
   34    59    0.001
    8    81    0.001
   30    69    0.001
    9    80    0.001
   18    78    0.001
   18    33    0.001
   36    51    0.001
    3    35    0.001
   29    93    0.001
    6    78    0.001
   58    98    0.001
   16    96    0.001
   30    95    0.001
    9    76    0.001
   40    73    0.001
   23    33    0.001
   16    31    0.001
    2    34    0.001
   21    35    0.001
   11    23    0.001
   16    80    0.001
   37    53    0.001
   66    81    0.001
   17    52    0.001
   54    88    0.001
   85    93    0.001
   58    76    0.001
    5    80    0.001
   13    45    0.001
   15    65    0.001
   81    87    0.001
   20    35    0.001
   20    36    0.000
   32    87    0.000
   43    67    0.000
   17    83    0.000
   19    66    0.000
   18    83    0.000
   37    54    0.000
   16    95    0.000
    4    80    0.000
   32    83    0.000
   11    24    0.000
    7    58    0.000
   78    95    0.000
    8    37    0.000
   25    58    0.000
   52    78    0.000
   47    87    0.000
   33    91    0.000
   17    80    0.000
   24    85    0.000
   32    93    0.000
    1    10    0.000
   12    40    0.000
   37    84    0.000
   20    85    0.000
   17    95    0.000
    3    36    0.000
   64    93    0.000
   75    90    0.000
    6    81    0.000
    2    67    0.000
   78    96    0.000
   82    96    0.000
   33    50    0.000
   61    97    0.000
    4    22    0.000
    8    76    0.000
    9    38    0.000
   29    80    0.000
   12    43    0.000
    7    15    0.000
   46    66    0.000
   70    77    0.000
    6    38    0.000
   28    70    0.000
   31    69    0.000
   25    59    0.000
    9    42    0.000
    9    70    0.000
   20    26    0.000
    4    10    0.000
   36    83    0.000
   12    23    0.000
   20    52    0.000
   75    92    0.000
   43    73    0.000
   18    66    0.000
   28    40    0.000
   41    64    0.000
   13    24    0.000
   43    52    0.000
    8    59    0.000
    3    84    0.000
   12    36    0.000
   24    56    0.000
    7    80    0.000
   13    38    0.000
   65    93    0.000
    2    33    0.000
   67    78    0.000
   37    62    0.000
   13    43    0.000
    2    23    0.000
   49    76    0.000
   23    79    0.000
    3    83    0.000
   60    86    0.000
   78    88    0.000
    5    20    0.000
    6    39    0.000
    3    23    0.000
    7    47    0.000
   20    37    0.000
   35    49    0.000
    6    73    0.000
   77    89    0.000
    1    41    0.000
    8    40    0.000
   19    31    0.000
    9    73    0.000
   63    96    0.000
   13    34    0.000
   25    44    0.000
   10    57    0.000
   10    41    0.000
   12    45    0.000
   29    89    0.000
   11    43    0.000
   15    54    0.000
   19    78    0.000
   47    75    0.000
   16    26    0.000
    8    80    0.000
   17    96    0.000
    7    39    0.000
   52    74    0.000
   35    83    0.000
   28    89    0.000
   33    69    0.000
   39    54    0.000
    4    47    0.000
   22    33    0.000
   44    52    0.000
   17    32    0.000
    6    80    0.000
   17    29    0.000
    7    13    0.000
   34    70    0.000
   21    65    0.000
   36    49    0.000
   35    42    0.000
   59    98    0.000
   10    26    0.000
    8    41    0.000
    1    38    0.000
   30    87    0.000
    6    36    0.000
   36    60    0.000
   28    71    0.000
   64    71    0.000
   84    93    0.000
   42    64    0.000
   12    56    0.000
   11    56    0.000
    6    33    0.000
   46    74    0.000
   13    23    0.000
    8    73    0.000
    3     9    0.000
   45    73    0.000
   19    83    0.000
    8    58    0.000
   36    56    0.000
    4    11    0.000
   17    81    0.000
   82    95    0.000
   74    92    0.000
   24    41    0.000
   17    67    0.000
    1    36    0.000
   25    41    0.000
   18    80    0.000
   29    71    0.000
   31    85    0.000
    1    45    0.000
   28    93    0.000
   32    39    0.000
    6    76    0.000
   20    38    0.000
   25    85    0.000
   27    71    0.000
   60    76    0.000
   11    36    0.000
    6    19    0.000
    4    42    0.000
   59    65    0.000
   63    69    0.000
   26    79    0.000
   13    26    0.000
    6    14    0.000
   72    83    0.000
    1    22    0.000
   28    39    0.000
   14    63    0.000
   64    91    0.000
    9    58    0.000
    6    32    0.000
    3    33    0.000
   24    77    0.000
   23    56    0.000
   30    86    0.000
   17    38    0.000
   42    65    0.000
   16    37    0.000
   48    77    0.000
   11    37    0.000
    5    32    0.000
   70    84    0.000
   41    73    0.000
   18    37    0.000
   11    45    0.000
   16    32    0.000
   74    82    0.000
   23    32    0.000
   25    90    0.000
   29    79    0.000
   81    93    0.000
   14    65    0.000
   37    72    0.000
    4    21    0.000
   21    78    0.000
   21    82    0.000
    7    33    0.000
   83    93    0.000
   12    38    0.000
   39    48    0.000
    4    38    0.000
   24    84    0.000
   11    26    0.000
   67    82    0.000
    2    43    0.000
    5    37    0.000
   19    29    0.000
   27    49    0.000
   25    77    0.000
   14    60    0.000
   14    33    0.000
   32    82    0.000
   54    74    0.000
   32    90    0.000
   84    94    0.000
   63    95    0.000
   80    93    0.000
   12    37    0.000
   22    29    0.000
   55    93    0.000
   33    83    0.000
   32    40    0.000
   82    94    0.000
    2    47    0.000
   13    31    0.000
   15    32    0.000
   39    63    0.000
   36    55    0.000
   14    38    0.000
   11    44    0.000
   14    54    0.000
   27    48    0.000
    7    37    0.000
   11    61    0.000
   21    83    0.000
   50    85    0.000
   19    32    0.000
   52    82    0.000
   40    85    0.000
    5    36    0.000
   35    59    0.000
   12    29    0.000
   25    79    0.000
   33    70    0.000
   17    25    0.000
   20    84    0.000
   35    41    0.000
   31    84    0.000
   25    46    0.000
   46    67    0.000
   23    60    0.000
   60    97    0.000
   54    75    0.000
   35    58    0.000
    5    47    0.000
    3    34    0.000
   16    29    0.000
   26    83    0.000
   81    96    0.000
   48    67    0.000
   48    66    0.000
   78    94    0.000
   27    70    0.000
   86    92    0.000
   29    70    0.000
   23    31    0.000
   32    79    0.000
    5    30    0.000
   47    86    0.000
    8    33    0.000
   31    87    0.000
   54    76    0.000
   42    74    0.000
    9    59    0.000
   17    66    0.000
   34    83    0.000
   41    65    0.000
   16    53    0.000
   15    55    0.000
   32    89    0.000
   22    79    0.000
   19    53    0.000
   10    36    0.000
   10    29    0.000
   19    80    0.000
   27    84    0.000
   23    82    0.000
   59    87    0.000
   58    97    0.000
   65    91    0.000
   15    38    0.000
   13    33    0.000
    6    37    0.000
   57    86    0.000
   56    74    0.000
   36    57    0.000
    8    34    0.000
   32    88    0.000
   22    62    0.000
   38    84    0.000
   74    81    0.000
   22    65    0.000
   10    38    0.000
    3    39    0.000
   39    84    0.000
   74    80    0.000
   22    55    0.000
   54    89    0.000
   36    72    0.000
   44    74    0.000
   16    67    0.000
   64    70    0.000
   18    25    0.000
   13    62    0.000
   32    70    0.000
   21    38    0.000
   20    34    0.000
    7    14    0.000
    1    21    0.000
   32    80    0.000
   24    61    0.000
   37    49    0.000
   18    38    0.000
    9    37    0.000
   11    38    0.000
   52    76    0.000
    7    41    0.000
   29    49    0.000
   72    78    0.000
   15    29    0.000
   32    92    0.000
   37    51    0.000
   81    95    0.000
    2    46    0.000
   13    56    0.000
    7    40    0.000
   51    83    0.000
   31    93    0.000
   42    75    0.000
   14    55    0.000
   29    82    0.000
   34    71    0.000
   30    40    0.000
   67    81    0.000
   14    31    0.000
   58    74    0.000
   55    66    0.000
   53    92    0.000
   63    70    0.000
    3    44    0.000
   30    88    0.000
   69    83    0.000
   24    57    0.000
   28    48    0.000
   22    32    0.000
    2    44    0.000
   14    24    0.000
    5    12    0.000
   29    48    0.000
   10    37    0.000
   41    86    0.000
    5    31    0.000
    6    30    0.000
   21    80    0.000
    9    40    0.000
   31    40    0.000
   33    71    0.000
   73    82    0.000
   45    67    0.000
   11    40    0.000
   56    95    0.000
    5    13    0.000
   46    87    0.000
   81    94    0.000
   24    73    0.000
   17    40    0.000
   21    63    0.000
   21    29    0.000
    5    11    0.000
   53    61    0.000
   62    96    0.000
   70    85    0.000
   32    71    0.000
   22    54    0.000
   39    75    0.000
   14    23    0.000
   59    77    0.000
   11    29    0.000
   16    52    0.000
   18    29    0.000
   26    58    0.000
   19    81    0.000
    7    27    0.000
   53    70    0.000
   26    77    0.000
    3    37    0.000
   31    86    0.000
   24    47    0.000
    8    29    0.000
   18    40    0.000
   24    74    0.000
    6    17    0.000
    5    15    0.000
   59    86    0.000
   52    81    0.000
    7    34    0.000
   36    82    0.000
    2    36    0.000
   23    30    0.000
   45    87    0.000
   33    82    0.000
   22    85    0.000
   48    80    0.000
   45    66    0.000
    3    47    0.000
   53    91    0.000
   30    71    0.000
   19    38    0.000
   31    39    0.000
   27    79    0.000
   25    75    0.000
   19    52    0.000
   38    57    0.000
   27    92    0.000
   10    40    0.000
   25    73    0.000
   63    94    0.000
    9    36    0.000
   33    51    0.000
    5    34    0.000
   17    30    0.000
    3    22    0.000
   14    26    0.000
   27    77    0.000
   78    93    0.000
   16    66    0.000
   34    50    0.000
   30    39    0.000
    6    15    0.000
    6    18    0.000
   15    40    0.000
   28    49    0.000
    5    17    0.000
    5    19    0.000
   52    73    0.000
   15    56    0.000
   25    45    0.000
   11    60    0.000
   18    81    0.000
   20    78    0.000
   66    80    0.000
   45    52    0.000
   12    61    0.000
    6    34    0.000
   37    61    0.000
   47    76    0.000
   14    29    0.000
   21    37    0.000
   29    92    0.000
   38    55    0.000
   18    32    0.000
   13    40    0.000
   51    82    0.000
   29    72    0.000
   23    78    0.000
   14    56    0.000
   21    54    0.000
   19    67    0.000
   29    40    0.000
    6    47    0.000
   18    31    0.000
    2    41    0.000
    8    46    0.000
   30    83    0.000
   29    77    0.000
   40    54    0.000
    1    37    0.000
   62    74    0.000
   71    78    0.000
   30    70    0.000
    6    31    0.000
   29    90    0.000
   62    95    0.000
   28    72    0.000
   63    88    0.000
   12    57    0.000
    1    39    0.000
    7    16    0.000
   21    36    0.000
    7    42    0.000
   11    57    0.000
   49    78    0.000
   41    75    0.000
   56    96    0.000
   73    81    0.000
   52    62    0.000
   12    60    0.000
   38    73    0.000
    9    29    0.000
    2    40    0.000
   30    93    0.000
   32    91    0.000
   10    46    0.000
   29    81    0.000
   56    75    0.000
    2    38    0.000
   25    74    0.000
    7    28    0.000
   24    58    0.000
   38    61    0.000
   17    27    0.000
   26    82    0.000
   73    80    0.000
   59    97    0.000
   21    27    0.000
   26    41    0.000
    8    32    0.000
   31    80    0.000
   28    92    0.000
   14    32    0.000
   83    95    0.000
   61    95    0.000
   57    75    0.000
    3    10    0.000
   39    62    0.000
   22    31    0.000
   22    78    0.000
   24    60    0.000
   31    89    0.000
   51    81    0.000
   38    47    0.000
    8    28    0.000
   16    38    0.000
   16    40    0.000
   21    31    0.000
   34    82    0.000
   14    57    0.000
   10    58    0.000
   58    87    0.000
   31    70    0.000
    6    13    0.000
   46    75    0.000
   26    47    0.000
   21    34    0.000
   24    75    0.000
   46    76    0.000
   10    44    0.000
   54    92    0.000
   48    85    0.000
   14    40    0.000
   47    53    0.000
   41    74    0.000
   56    94    0.000
   25    43    0.000
    5    18    0.000
   13    32    0.000
   18    65    0.000
   40    74    0.000
   19    30    0.000
   31    90    0.000
    6    42    0.000
    8    43    0.000
    2    11    0.000
   24    79    0.000
    2    45    0.000
   31    83    0.000
   39    74    0.000
   16    25    0.000
   19    27    0.000
   57    87    0.000
   40    63    0.000
   23    61    0.000
   44    53    0.000
   31    88    0.000
    4    40    0.000
   61    94    0.000
   83    94    0.000
   45    74    0.000
   28    91    0.000
   30    89    0.000
    3    21    0.000
   43    53    0.000
   57    74    0.000
   27    91    0.000
   38    48    0.000
   61    96    0.000
   29    39    0.000
   13    29    0.000
   44    75    0.000
   59    76    0.000
   38    56    0.000
   19    40    0.000
    1    12    0.000
    7    29    0.000
   19    28    0.000
   20    29    0.000
   29    78    0.000
   32    49    0.000
    2    22    0.000
    6    40    0.000
   64    92    0.000
   32    81    0.000
    5    43    0.000
   22    84    0.000
   29    91    0.000
   50    64    0.000
   40    84    0.000
   21    81    0.000
   37    56    0.000
   18    54    0.000
   23    83    0.000
   40    75    0.000
   65    92    0.000
   20    80    0.000
   26    75    0.000
    5    14    0.000
   54    67    0.000
   37    55    0.000
   31    71    0.000
   13    61    0.000
   28    83    0.000
   71    83    0.000
   31    92    0.000
   23    57    0.000
   10    59    0.000
   21    55    0.000
   36    42    0.000
    3    11    0.000
   63    93    0.000
   53    90    0.000
    7    32    0.000
   50    83    0.000
   44    86    0.000
   15    30    0.000
   27    42    0.000
   25    84    0.000
   20    54    0.000
    4    41    0.000
   20    64    0.000
   65    90    0.000
   31    82    0.000
   43    86    0.000
   22    28    0.000
   22    63    0.000
    4    37    0.000
   33    49    0.000
   24    76    0.000
    6    41    0.000
   28    90    0.000
   57    96    0.000
   35    82    0.000
   30    49    0.000
   62    94    0.000
   20    82    0.000
    3    12    0.000
   10    45    0.000
   58    75    0.000
   29    76    0.000
    1    20    0.000
   16    27    0.000
   54    72    0.000
   72    79    0.000
   60    75    0.000
   50    82    0.000
   28    42    0.000
   69    79    0.000
   68    83    0.000
   61    74    0.000
   55    88    0.000
   50    84    0.000
   17    62    0.000
   21    33    0.000
   68    79    0.000
   57    95    0.000
   36    58    0.000
    3    46    0.000
   36    59    0.000
   55    67    0.000
   26    81    0.000
   63    91    0.000
   15    63    0.000
   43    74    0.000
   37    83    0.000
   69    78    0.000
   26    73    0.000
   27    72    0.000
   14    61    0.000
   25    76    0.000
    1    17    0.000
   17    28    0.000
   46    52    0.000
    1    11    0.000
   42    76    0.000
   12    34    0.000
   18    64    0.000
   20    31    0.000
   26    74    0.000
    4    13    0.000
   56    93    0.000
   39    45    0.000
   24    83    0.000
   80    88    0.000
    3    45    0.000
   58    86    0.000
    4    46    0.000
   49    85    0.000
   46    86    0.000
   31    79    0.000
   71    79    0.000
   60    74    0.000
    2    12    0.000
   77    92    0.000
   15    25    0.000
    1    19    0.000
   20    83    0.000
   49    79    0.000
   30    82    0.000
   18    27    0.000
   52    71    0.000
   77    91    0.000
   23    80    0.000
    8    27    0.000
   54    91    0.000
   20    33    0.000
    4    15    0.000
   15    27    0.000
   82    88    0.000
   64    90    0.000
   30    92    0.000
   21    28    0.000
   28    79    0.000
    9    46    0.000
   39    46    0.000
   24    82    0.000
   26    59    0.000
    4    43    0.000
   27    83    0.000
   22    80    0.000
   12    27    0.000
   76    92    0.000
   48    84    0.000
    6    16    0.000
   23    81    0.000
   22    56    0.000
   16    30    0.000
   31    91    0.000
   85    91    0.000
   19    64    0.000
    9    28    0.000
    9    45    0.000
   34    51    0.000
   20    27    0.000
   11    34    0.000
    4    14    0.000
   69    82    0.000
   67    80    0.000
    5    16    0.000
   37    57    0.000
   31    49    0.000
   26    76    0.000
   27    47    0.000
    5    46    0.000
   47    77    0.000
   21    32    0.000
    7    46    0.000
   34    72    0.000
   45    75    0.000
   22    83    0.000
   16    64    0.000
   22    30    0.000
   10    28    0.000
   15    62    0.000
    1    15    0.000
   17    56    0.000
    4    20    0.000
   10    43    0.000
   44    76    0.000
   17    54    0.000
   38    74    0.000
    8    45    0.000
   42    63    0.000
    4    39    0.000
    9    43    0.000
   79    89    0.000
   33    80    0.000
   81    88    0.000
   68    78    0.000
   25    78    0.000
   17    64    0.000
   16    28    0.000
   61    73    0.000
   27    90    0.000
    2    21    0.000
   38    75    0.000
   12    31    0.000
   39    76    0.000
   45    53    0.000
   76    91    0.000
   13    27    0.000
    2    37    0.000
    9    34    0.000
   50    81    0.000
   60    95    0.000
   37    60    0.000
   28    82    0.000
   27    80    0.000
   48    79    0.000
   60    96    0.000
    8    30    0.000
   47    65    0.000
   30    90    0.000
   26    80    0.000
   22    61    0.000
    8    44    0.000
   24    46    0.000
   38    83    0.000
   61    93    0.000
   24    78    0.000
   12    25    0.000
   12    28    0.000
   51    63    0.000
   11    58    0.000
   22    82    0.000
    4    19    0.000
   13    57    0.000
   62    73    0.000
   31    81    0.000
   17    65    0.000
   27    82    0.000
   18    30    0.000
   63    90    0.000
   55    71    0.000
   43    75    0.000
   14    59    0.000
    3    14    0.000
   10    34    0.000
   18    28    0.000
   20    32    0.000
   24    44    0.000
    1    18    0.000
   26    78    0.000
   62    89    0.000
   57    94    0.000
   68    82    0.000
   62    93    0.000
   41    76    0.000
   14    30    0.000
   12    33    0.000
   55    69    0.000
   30    91    0.000
   27    81    0.000
   61    89    0.000
   17    55    0.000
    3    15    0.000
   42    85    0.000
    4    17    0.000
   47    78    0.000
   45    76    0.000
    9    25    0.000
   34    41    0.000
   58    96    0.000
   41    85    0.000
   53    60    0.000
    8    31    0.000
   45    86    0.000
   38    44    0.000
   54    73    0.000
    1    16    0.000
   30    79    0.000
   41    63    0.000
   55    92    0.000
   16    62    0.000
   21    61    0.000
   12    32    0.000
   27    75    0.000
   40    76    0.000
   33    72    0.000
   37    73    0.000
   11    33    0.000
   13    25    0.000
   21    30    0.000
    2    39    0.000
   22    60    0.000
   13    60    0.000
    3    17    0.000
   30    48    0.000
   22    81    0.000
   26    44    0.000
   30    80    0.000
   20    65    0.000
    4    44    0.000
   20    81    0.000
   10    30    0.000
   16    65    0.000
    9    44    0.000
   85    92    0.000
   36    73    0.000
   27    78    0.000
   13    28    0.000
   14    27    0.000
   12    30    0.000
   77    90    0.000
   32    78    0.000
    3    20    0.000
   11    27    0.000
   15    28    0.000
   69    81    0.000
   59    74    0.000
   36    79    0.000
   35    73    0.000
   37    59    0.000
   29    75    0.000
   60    94    0.000
   42    77    0.000
   36    80    0.000
   56    72    0.000
   11    30    0.000
   55    91    0.000
   23    59    0.000
   33    81    0.000
   11    28    0.000
   57    73    0.000
   59    75    0.000
   28    81    0.000
    9    30    0.000
   20    28    0.000
   39    77    0.000
   27    76    0.000
    7    43    0.000
   76    90    0.000
   57    93    0.000
   21    60    0.000
   41    54    0.000
   52    61    0.000
   56    73    0.000
   26    46    0.000
   55    89    0.000
   56    88    0.000
   36    81    0.000
    5    45    0.000
   37    43    0.000
   72    82    0.000
    7    45    0.000
   39    83    0.000
   47    85    0.000
    3    19    0.000
    1    13    0.000
   54    69    0.000
    3    18    0.000
    1    14    0.000
   78    89    0.000
   23    58    0.000
   25    82    0.000
   35    79    0.000
    5    44    0.000
   30    72    0.000
   32    72    0.000
   58    95    0.000
   59    96    0.000
    7    30    0.000
   14    58    0.000
   17    60    0.000
    4    18    0.000
   24    59    0.000
   24    81    0.000
   28    77    0.000
   11    59    0.000
   20    55    0.000
   34    49    0.000
   43    76    0.000
    7    31    0.000
   33    79    0.000
   34    81    0.000
   58    73    0.000
   35    47    0.000
   39    55    0.000
   29    73    0.000
   25    83    0.000
   79    92    0.000
   12    58    0.000
   31    72    0.000
   37    82    0.000
   59    95    0.000
   61    72    0.000
   49    65    0.000
   32    77    0.000
   70    83    0.000
   38    82    0.000
   52    70    0.000
   63    92    0.000
   40    62    0.000
   54    90    0.000
    2    20    0.000
   28    80    0.000
   62    88    0.000
   49    84    0.000
    6    46    0.000
   13    58    0.000
   40    55    0.000
   49    80    0.000
   18    55    0.000
   37    48    0.000
   10    27    0.000
   41    77    0.000
   37    47    0.000
   30    81    0.000
   62    72    0.000
    9    27    0.000
   25    81    0.000
   36    75    0.000
   36    47    0.000
   37    58    0.000
   14    25    0.000
   68    81    0.000
   31    78    0.000
   38    45    0.000
   38    58    0.000
   19    54    0.000
   22    57    0.000
   24    80    0.000
   53    59    0.000
   46    53    0.000
   13    30    0.000
   25    80    0.000
   16    54    0.000
   28    73    0.000
   38    60    0.000
    4    16    0.000
   18    62    0.000
   34    80    0.000
   28    47    0.000
   18    56    0.000
   70    78    0.000
   43    85    0.000
   34    79    0.000
   36    48    0.000
   11    32    0.000
    4    45    0.000
    3    16    0.000
   32    73    0.000
   12    59    0.000
   24    45    0.000
   38    46    0.000
   20    30    0.000
    3    13    0.000
   27    41    0.000
   39    61    0.000
   24    43    0.000
   10    25    0.000
   58    94    0.000
    7    44    0.000
   28    41    0.000
   33    41    0.000
   35    43    0.000
   47    64    0.000
   40    77    0.000
   15    57    0.000
   20    62    0.000
   61    88    0.000
   16    60    0.000
   26    45    0.000
    9    33    0.000
   14    28    0.000
   11    25    0.000
   38    76    0.000
   36    74    0.000
   42    54    0.000
   56    66    0.000
   31    73    0.000
   56    92    0.000
   42    84    0.000
   31    48    0.000
   71    82    0.000
   59    94    0.000
   49    83    0.000
    2    19    0.000
   36    77    0.000
   62    91    0.000
   31    77    0.000
   70    79    0.000
   79    91    0.000
   48    83    0.000
   26    43    0.000
   16    63    0.000
   69    80    0.000
   35    77    0.000
   62    92    0.000
   35    48    0.000
   44    85    0.000
   48    82    0.000
   11    31    0.000
   41    84    0.000
   15    60    0.000
    6    44    0.000
   27    73    0.000
    2    13    0.000
   43    84    0.000
   19    62    0.000
   38    59    0.000
   29    47    0.000
   37    75    0.000
   37    74    0.000
   72    81    0.000
   18    63    0.000
   30    78    0.000
   33    77    0.000
   19    65    0.000
    2    14    0.000
   17    63    0.000
    2    15    0.000
   60    93    0.000
   38    77    0.000
    2    17    0.000
   10    33    0.000
   72    80    0.000
   46    85    0.000
   17    57    0.000
   52    60    0.000
   44    64    0.000
   35    81    0.000
   35    74    0.000
   28    78    0.000
   35    75    0.000
   43    65    0.000
   20    56    0.000
   30    77    0.000
   13    59    0.000
   10    31    0.000
   36    43    0.000
   35    80    0.000
   39    82    0.000
   57    72    0.000
   39    56    0.000
   28    76    0.000
   28    75    0.000
   16    56    0.000
    6    43    0.000
   33    73    0.000
    9    31    0.000
   16    55    0.000
   30    76    0.000
   82    92    0.000
   29    42    0.000
   27    74    0.000
   35    44    0.000
   34    77    0.000
   33    78    0.000
   84    91    0.000
   27    46    0.000
   54    71    0.000
   39    79    0.000
   21    56    0.000
   33    47    0.000
   36    78    0.000
   20    63    0.000
   44    65    0.000
   58    93    0.000
   43    77    0.000
   27    44    0.000
   58    72    0.000
   32    76    0.000
   15    61    0.000
   80    89    0.000
   44    54    0.000
   48    64    0.000
   40    61    0.000
   36    44    0.000
   79    90    0.000
   32    41    0.000
    9    32    0.000
   31    76    0.000
   34    42    0.000
   32    48    0.000
   48    81    0.000
    6    45    0.000
   34    73    0.000
   45    85    0.000
   46    78    0.000
   60    88    0.000
   71    81    0.000
   32    75    0.000
   71    80    0.000
    2    18    0.000
   35    78    0.000
   46    77    0.000
   48    54    0.000
   30    73    0.000
   61    92    0.000
   31    75    0.000
   49    64    0.000
   37    44    0.000
   34    75    0.000
   52    59    0.000
   40    83    0.000
   57    92    0.000
   60    73    0.000
   22    59    0.000
   47    84    0.000
   22    58    0.000
   56    89    0.000
   48    65    0.000
   36    76    0.000
   61    91    0.000
    2    16    0.000
   33    75    0.000
   84    92    0.000
   47    54    0.000
   59    93    0.000
   70    82    0.000
   10    32    0.000
   57    88    0.000
   55    70    0.000
   45    78    0.000
   56    91    0.000
   43    64    0.000
   29    74    0.000
   15    58    0.000
   37    45    0.000
   35    76    0.000
   52    58    0.000
   27    45    0.000
   39    78    0.000
   60    89    0.000
   38    79    0.000
   55    90    0.000
   49    82    0.000
   28    74    0.000
   51    62    0.000
   16    57    0.000
   68    80    0.000
   44    84    0.000
   62    69    0.000
   44    77    0.000
   37    81    0.000
   81    92    0.000
   78    91    0.000
   84    90    0.000
   19    63    0.000
   80    90    0.000
   80    92    0.000
   28    44    0.000
   38    78    0.000
   78    90    0.000
   33    42    0.000
   33    48    0.000
   17    61    0.000
   40    56    0.000
   60    66    0.000
   56    71    0.000
   33    76    0.000
   34    78    0.000
   82    89    0.000
   57    66    0.000
   29    41    0.000
   47    79    0.000
   61    90    0.000
   59    73    0.000
   83    92    0.000
   58    88    0.000
   54    68    0.000
   21    57    0.000
   62    90    0.000
   62    71    0.000
   18    57    0.000
   37    77    0.000
   16    61    0.000
   81    89    0.000
   59    89    0.000
   37    79    0.000
   50    63    0.000
   32    47    0.000
   34    74    0.000
   30    75    0.000
   46    65    0.000
   20    61    0.000
   40    78    0.000
   41    62    0.000
   62    70    0.000
   78    92    0.000
   45    65    0.000
   39    80    0.000
   39    57    0.000
   31    41    0.000
   56    90    0.000
   37    76    0.000
   40    79    0.000
   32    74    0.000
   18    60    0.000
   18    61    0.000
   45    54    0.000
   83    89    0.000
   42    78    0.000
   61    67    0.000
   37    46    0.000
   30    47    0.000
   59    90    0.000
   57    91    0.000
   49    81    0.000
   80    91    0.000
   27    43    0.000
   32    42    0.000
   43    54    0.000
   41    55    0.000
   28    46    0.000
   19    55    0.000
   17    58    0.000
   58    66    0.000
   34    76    0.000
   60    90    0.000
   33    74    0.000
   16    58    0.000
   43    78    0.000
   38    80    0.000
   59    88    0.000
   38    81    0.000
   39    81    0.000
   60    92    0.000
   40    82    0.000
   45    77    0.000
   82    90    0.000
   41    78    0.000
   47    55    0.000
   37    78    0.000
   47    80    0.000
   70    81    0.000
   28    45    0.000
   30    41    0.000
   19    60    0.000
   47    63    0.000
   31    74    0.000
   54    70    0.000
   19    61    0.000
   81    90    0.000
   60    72    0.000
   61    71    0.000
   55    68    0.000
   83    90    0.000
   39    60    0.000
   43    63    0.000
   45    84    0.000
   49    55    0.000
   40    80    0.000
   37    80    0.000
   20    60    0.000
   60    91    0.000
   82    91    0.000
   44    78    0.000
   28    43    0.000
   41    83    0.000
   44    63    0.000
   48    55    0.000
   20    57    0.000
   56    67    0.000
   46    54    0.000
   15    59    0.000
   40    57    0.000
   42    79    0.000
   81    91    0.000
   30    74    0.000
   57    89    0.000
   56    69    0.000
   46    84    0.000
   59    66    0.000
   19    56    0.000
   34    43    0.000
   34    47    0.000
   33    44    0.000
   35    45    0.000
   41    61    0.000
   41    79    0.000
   36    46    0.000
   43    79    0.000
   42    55    0.000
   58    92    0.000
   41    82    0.000
   36    45    0.000
   33    43    0.000
   39    59    0.000
   50    62    0.000
   58    90    0.000
   35    46    0.000
   58    89    0.000
   70    80    0.000
   17    59    0.000
   59    92    0.000
   18    58    0.000
   40    60    0.000
   57    71    0.000
   83    91    0.000
   48    63    0.000
   34    48    0.000
   46    64    0.000
   16    59    0.000
   30    42    0.000
   42    62    0.000
   40    81    0.000
   46    79    0.000
   45    63    0.000
   44    55    0.000
   41    56    0.000
   29    44    0.000
   45    79    0.000
   48    62    0.000
   39    58    0.000
   19    57    0.000
   47    83    0.000
   45    64    0.000
   32    44    0.000
   32    43    0.000
   57    90    0.000
   44    79    0.000
   58    71    0.000
   51    61    0.000
   42    80    0.000
   57    67    0.000
   31    47    0.000
   21    58    0.000
   61    69    0.000
   34    44    0.000
   62    68    0.000
   60    67    0.000
   31    42    0.000
   59    72    0.000
   21    59    0.000
   29    45    0.000
   20    58    0.000
   56    70    0.000
   29    46    0.000
   42    83    0.000
   40    59    0.000
   58    91    0.000
   41    80    0.000
   59    91    0.000
   47    82    0.000
   45    55    0.000
   46    80    0.000
   43    55    0.000
   34    45    0.000
   61    70    0.000
   47    56    0.000
   45    80    0.000
   40    58    0.000
   58    70    0.000
   41    57    0.000
   46    55    0.000
   47    62    0.000
   43    80    0.000
   50    61    0.000
   18    59    0.000
   58    67    0.000
   44    56    0.000
   51    60    0.000
   46    63    0.000
   29    43    0.000
   44    83    0.000
   49    63    0.000
   42    82    0.000
   19    58    0.000
   20    59    0.000
   48    56    0.000
   42    56    0.000
   32    45    0.000
   43    83    0.000
   33    45    0.000
   44    80    0.000
   57    70    0.000
   33    46    0.000
   51    58    0.000
   49    62    0.000
   41    81    0.000
   42    81    0.000
   51    59    0.000
   48    61    0.000
   57    69    0.000
   51    57    0.000
   60    71    0.000
   31    43    0.000
   59    67    0.000
   32    46    0.000
   50    56    0.000
   47    81    0.000
   34    46    0.000
   49    61    0.000
   41    60    0.000
   46    83    0.000
   19    59    0.000
   45    56    0.000
   31    44    0.000
   43    82    0.000
   30    44    0.000
   43    56    0.000
   49    56    0.000
   46    82    0.000
   58    69    0.000
   61    68    0.000
   43    81    0.000
   45    83    0.000
   46    56    0.000
   42    57    0.000
   59    71    0.000
   44    82    0.000
   42    61    0.000
   44    62    0.000
   30    43    0.000
   60    69    0.000
   45    62    0.000
   56    68    0.000
   50    60    0.000
   43    62    0.000
   46    62    0.000
   50    59    0.000
   60    70    0.000
   45    82    0.000
   44    61    0.000
   45    61    0.000
   50    58    0.000
   44    57    0.000
   46    81    0.000
   30    46    0.000
   47    57    0.000
   45    81    0.000
   41    58    0.000
   41    59    0.000
   30    45    0.000
   59    70    0.000
   42    60    0.000
   44    81    0.000
   57    68    0.000
   48    60    0.000
   50    57    0.000
   47    61    0.000
   48    57    0.000
   45    57    0.000
   42    59    0.000
   42    58    0.000
   43    61    0.000
   43    57    0.000
   60    68    0.000
   46    57    0.000
   49    60    0.000
   59    69    0.000
   46    61    0.000
   44    60    0.000
   48    58    0.000
   31    46    0.000
   47    58    0.000
   44    58    0.000
   31    45    0.000
   49    59    0.000
   49    57    0.000
   58    68    0.000
   48    59    0.000
   49    58    0.000
   45    58    0.000
   47    60    0.000
   43    58    0.000
   45    60    0.000
   43    60    0.000
   44    59    0.000
   43    59    0.000
   47    59    0.000
   46    58    0.000
   45    59    0.000
   59    68    0.000
   46    60    0.000
   46    59    0.000
