1431	 22.6576
   51    57    0.415
   50    57    0.358
   51    58    0.113
   52    58    0.071
    4    57    0.064
    1    59    0.060
    4    56    0.059
    1    58    0.058
    2    59    0.057
    4    58    0.055
    1    57    0.055
    2    58    0.055
    4    55    0.055
   48    57    0.054
    1    56    0.053
    4    59    0.053
   49    57    0.052
    2    57    0.052
   50    58    0.052
    2    56    0.051
    3    56    0.048
    1    55    0.048
    3    59    0.048
    3    57    0.047
    5    56    0.047
    3    58    0.046
    1    12    0.045
    2    55    0.045
    1    11    0.043
    5    57    0.043
   47    57    0.043
    1     9    0.042
    5    58    0.041
    1    10    0.041
   11    19    0.039
    5    59    0.038
    1     8    0.036
    4    53    0.035
    3     9    0.035
    2     9    0.035
    3    10    0.034
    2    10    0.033
    2    11    0.033
    3    11    0.033
    1     7    0.032
   51    59    0.032
    2    12    0.031
    4    52    0.031
    3    55    0.031
    5    55    0.030
    4    54    0.030
    8    57    0.030
   10    58    0.029
   50    56    0.029
    4    51    0.028
    8    14    0.028
    1    53    0.028
    2    13    0.028
   52    59    0.028
    8    56    0.028
   53    59    0.028
   10    59    0.028
   10    57    0.027
   13    57    0.027
   20    59    0.027
    4    10    0.027
    4    11    0.027
    2     8    0.027
   13    59    0.026
   29    59    0.026
   31    59    0.026
    8    58    0.026
    2    53    0.026
   23    59    0.026
   27    59    0.026
    9    57    0.026
   10    56    0.026
    4    50    0.025
   22    59    0.025
   32    59    0.025
    3    12    0.025
   33    59    0.025
    6    57    0.025
   20    57    0.025
   13    58    0.025
    1    52    0.024
   23    57    0.024
    9    58    0.024
    6    56    0.024
    1    54    0.024
    6    58    0.024
   19    59    0.024
   19    57    0.024
   48    58    0.024
   30    59    0.024
    9    56    0.024
    7    56    0.024
   17    59    0.023
   27    57    0.023
   26    59    0.023
    9    15    0.023
    7    57    0.023
    2    54    0.023
    4    49    0.023
    4    12    0.023
   22    57    0.022
   26    57    0.022
    4    13    0.022
    8    59    0.022
   21    59    0.022
   17    57    0.022
    9    59    0.022
    4    48    0.022
   13    56    0.022
   34    59    0.022
    6    59    0.022
   20    58    0.021
   23    58    0.021
   47    58    0.021
    7    58    0.021
   24    59    0.021
   29    58    0.021
    1    29    0.021
   29    57    0.021
   31    57    0.021
   14    59    0.021
   17    58    0.021
   31    58    0.021
    3    13    0.021
   12    59    0.021
    2    52    0.021
   22    58    0.020
    6    55    0.020
   27    58    0.020
   11    57    0.020
   12    57    0.020
    4    34    0.020
    4    37    0.020
   18    59    0.020
   19    55    0.020
   16    59    0.020
   25    59    0.020
   10    55    0.020
   19    58    0.020
   28    59    0.020
    1    51    0.020
   32    57    0.020
   21    57    0.020
   32    58    0.020
   11    59    0.020
   15    59    0.020
    8    55    0.020
    4    33    0.019
   16    57    0.019
    2    29    0.019
   21    58    0.019
   49    58    0.019
    7    59    0.019
    4    47    0.019
   11    56    0.019
    4    43    0.019
    1    31    0.019
   50    59    0.019
    4    39    0.019
   18    57    0.019
   11    58    0.019
    4    44    0.019
    4    40    0.018
   13    55    0.018
   24    58    0.018
   12    58    0.018
    4    38    0.018
   14    57    0.018
   26    58    0.018
   30    57    0.018
    4    46    0.018
   15    57    0.018
    1    27    0.018
   24    57    0.018
   23    55    0.018
    8    15    0.018
    4    45    0.018
   30    58    0.017
   20    55    0.017
   33    58    0.017
    4    30    0.017
   12    56    0.017
    7    55    0.017
   14    58    0.017
    2    27    0.017
   18    58    0.017
    1    50    0.017
    4    36    0.017
    4    42    0.017
    4    31    0.017
   16    58    0.017
    1    26    0.017
   15    58    0.016
    2    31    0.016
   28    58    0.016
    4    35    0.016
    4    32    0.016
    1    37    0.016
    1    32    0.016
   25    58    0.016
   25    57    0.016
    4    41    0.016
    9    55    0.016
    2    51    0.016
   28    57    0.016
   46    57    0.016
   11    22    0.016
    2    37    0.015
    2    32    0.015
   22    56    0.015
    2    30    0.015
   11    55    0.015
    1    30    0.015
    1    36    0.015
    1    48    0.015
   26    55    0.015
   10    16    0.015
    3    14    0.015
    3    54    0.015
    3    53    0.015
    4    29    0.015
   20    56    0.015
   17    56    0.015
   27    55    0.015
    1    28    0.014
    1    39    0.014
    2    36    0.014
    1    33    0.014
   19    56    0.014
   22    55    0.014
    1    49    0.014
    2    34    0.014
   12    55    0.014
    1    34    0.014
   16    55    0.014
   35    59    0.014
    5    54    0.013
    2    33    0.013
    2    39    0.013
    2    50    0.013
    2    28    0.013
    5    53    0.013
   18    56    0.013
    1    35    0.013
    1    43    0.013
   23    56    0.013
   27    56    0.013
   21    56    0.013
   17    55    0.013
   49    55    0.013
   16    56    0.012
    1    40    0.012
    3    52    0.012
    2    48    0.012
    1    38    0.012
    1    44    0.012
    1    46    0.012
   29    55    0.012
   15    56    0.012
   14    56    0.012
    1    42    0.012
   26    56    0.012
    2    35    0.011
    2    40    0.011
    1    47    0.011
    1    45    0.011
   25    56    0.011
   29    56    0.011
   33    57    0.011
    5    11    0.011
    4    15    0.011
    2    38    0.011
   18    55    0.011
    8    54    0.011
    2    43    0.011
    2    49    0.011
    5    52    0.011
    2    47    0.010
   11    20    0.010
    2    44    0.010
   15    55    0.010
   30    55    0.010
   21    55    0.010
   34    58    0.010
    4    14    0.010
    6    12    0.010
    9    16    0.010
    7    13    0.010
    2    42    0.010
    2    46    0.010
    1    41    0.010
   24    56    0.010
    6    54    0.010
    6    53    0.010
   24    55    0.010
   14    55    0.010
   28    56    0.010
    1    25    0.010
    5    12    0.009
   10    54    0.009
    2    41    0.009
    8    53    0.009
   23    53    0.009
   45    59    0.009
   11    18    0.009
    5    13    0.009
    2    45    0.009
    8    16    0.009
    3    29    0.009
   31    56    0.009
   11    54    0.008
   12    19    0.008
   23    54    0.008
   25    55    0.008
   28    55    0.008
   49    56    0.008
    9    54    0.008
    7    54    0.008
   23    52    0.008
    8    52    0.008
   10    53    0.008
    6    52    0.008
   49    59    0.007
    6    13    0.007
   19    53    0.007
   26    53    0.007
   31    55    0.007
   12    54    0.007
    7    53    0.007
   19    54    0.007
    2    26    0.007
    3    31    0.007
   26    54    0.007
   30    56    0.007
    5    14    0.006
    9    53    0.006
    3    51    0.006
    3    32    0.006
   26    52    0.006
   23    51    0.006
   11    21    0.006
   48    59    0.006
   13    54    0.006
   12    22    0.006
   12    53    0.006
   10    52    0.006
    3    50    0.006
   13    53    0.006
   42    59    0.006
   20    53    0.006
   11    53    0.006
   12    23    0.006
    7    52    0.006
    7    15    0.006
    3    28    0.006
    5    51    0.006
   19    52    0.006
   22    54    0.006
   16    53    0.006
   45    58    0.006
    7    14    0.005
   12    18    0.005
    3    37    0.005
    5    50    0.005
    5    31    0.005
   20    54    0.005
   27    54    0.005
   37    59    0.005
   22    53    0.005
    6    16    0.005
   32    56    0.005
   41    55    0.005
    1    14    0.005
    9    52    0.005
   16    54    0.005
    8    51    0.005
   26    51    0.005
   22    52    0.005
   44    58    0.005
   27    53    0.005
    1    13    0.005
   11    17    0.005
   10    19    0.005
    3    30    0.005
   11    52    0.005
    3    33    0.005
   12    52    0.005
   13    52    0.005
    5    37    0.005
    5    32    0.005
   46    58    0.005
   23    50    0.005
    2    14    0.004
    1    15    0.004
    8    19    0.004
    6    15    0.004
   15    54    0.004
    3    34    0.004
    6    14    0.004
    5    15    0.004
    6    51    0.004
    3    36    0.004
   41    59    0.004
   20    52    0.004
   29    54    0.004
   47    59    0.004
   46    59    0.004
    3    48    0.004
   12    20    0.004
   36    59    0.004
   43    58    0.004
    3    39    0.004
    8    50    0.004
   19    51    0.004
   23    30    0.004
   16    52    0.004
   41    58    0.004
    2    15    0.004
   44    59    0.004
   48    56    0.004
   43    59    0.004
    3    38    0.004
    5    48    0.004
    5    40    0.004
    3    40    0.004
    3    49    0.004
   18    54    0.004
    6    50    0.004
    5    36    0.004
    5    39    0.004
   39    58    0.004
   18    53    0.004
   27    52    0.004
    1    16    0.003
    5    38    0.003
    3    47    0.003
    3    41    0.003
   11    51    0.003
    3    43    0.003
    8    48    0.003
    5    34    0.003
    3    35    0.003
   40    59    0.003
    3    42    0.003
   39    59    0.003
    5    49    0.003
    8    37    0.003
    3    46    0.003
    5    47    0.003
    3    44    0.003
   42    58    0.003
   15    53    0.003
   14    54    0.003
   10    51    0.003
    5    33    0.003
    6    37    0.003
   13    19    0.003
   37    58    0.003
   24    54    0.003
   19    50    0.003
   17    53    0.003
    3    15    0.003
    2    16    0.003
    1    17    0.003
   10    20    0.003
   38    59    0.003
    3    45    0.003
   12    21    0.003
    5    44    0.003
    5    43    0.003
    5    46    0.003
    5    30    0.003
    7    51    0.003
   15    52    0.003
    5    41    0.003
    8    43    0.003
    9    51    0.003
    5    35    0.003
    5    42    0.003
   16    51    0.003
    6    31    0.003
   12    51    0.003
   17    54    0.003
   21    54    0.003
   23    48    0.003
   24    53    0.003
   23    49    0.003
    5    29    0.003
    8    47    0.003
    8    44    0.003
    8    38    0.003
    6    32    0.003
    7    16    0.003
    8    40    0.003
    7    37    0.003
    8    49    0.003
   13    51    0.003
    6    48    0.003
    5    45    0.003
    8    39    0.003
   19    48    0.003
    6    40    0.003
    6    39    0.003
   13    23    0.003
   19    49    0.003
    6    36    0.003
   25    54    0.003
   21    53    0.003
    3    16    0.002
    2    17    0.002
    8    41    0.002
   35    58    0.002
   10    18    0.002
    9    19    0.002
    8    46    0.002
    8    42    0.002
   47    56    0.002
   40    58    0.002
   38    58    0.002
    6    47    0.002
    8    18    0.002
    8    34    0.002
   10    37    0.002
    6    44    0.002
    8    36    0.002
    6    43    0.002
   11    50    0.002
    7    32    0.002
    5    16    0.002
    6    34    0.002
   10    48    0.002
    9    37    0.002
    6    46    0.002
   10    17    0.002
    8    33    0.002
   19    47    0.002
    6    42    0.002
   10    50    0.002
    6    49    0.002
   14    53    0.002
    6    38    0.002
    6    33    0.002
   17    52    0.002
   23    32    0.002
   23    33    0.002
   20    51    0.002
   18    52    0.002
   24    52    0.002
   25    53    0.002
   28    54    0.002
   28    53    0.002
    1    18    0.002
    4    16    0.002
   36    58    0.002
    2    19    0.002
   11    43    0.002
   11    48    0.002
    6    41    0.002
   10    21    0.002
   11    37    0.002
    9    50    0.002
   11    47    0.002
    8    45    0.002
    7    50    0.002
    8    35    0.002
    7    48    0.002
    7    39    0.002
   10    39    0.002
   13    50    0.002
   19    46    0.002
   12    50    0.002
   19    44    0.002
   10    44    0.002
    7    40    0.002
   12    37    0.002
    6    35    0.002
   10    43    0.002
    9    40    0.002
   10    40    0.002
   19    30    0.002
   20    50    0.002
   22    51    0.002
   13    20    0.002
   16    50    0.002
   21    52    0.002
   23    31    0.002
    1    23    0.002
    2    18    0.002
    3    17    0.002
    7    34    0.002
    7    46    0.002
    9    48    0.002
   11    39    0.002
   12    47    0.002
    9    18    0.002
   10    42    0.002
   10    49    0.002
   11    46    0.002
   11    41    0.002
   15    51    0.002
   23    34    0.002
    9    43    0.002
    9    42    0.002
    7    35    0.002
    7    44    0.002
   12    43    0.002
   10    41    0.002
    7    47    0.002
   10    46    0.002
    6    45    0.002
   13    48    0.002
    9    39    0.002
   12    48    0.002
   11    40    0.002
    7    33    0.002
   11    38    0.002
   14    52    0.002
    7    38    0.002
   46    56    0.002
    9    44    0.002
   11    45    0.002
   11    44    0.002
    7    41    0.002
   11    42    0.002
    9    47    0.002
    7    36    0.002
   45    56    0.002
   12    42    0.002
   12    44    0.002
    7    43    0.002
    9    41    0.002
   10    38    0.002
   11    49    0.002
   48    55    0.002
    9    38    0.002
   10    47    0.002
   26    32    0.002
   13    22    0.002
   16    48    0.002
   13    40    0.002
   18    51    0.002
   19    45    0.002
   25    52    0.002
   22    50    0.002
    3    27    0.002
   42    55    0.002
    4    28    0.002
   29    53    0.002
   42    57    0.001
    7    49    0.001
    1    20    0.001
    3    19    0.001
    7    42    0.001
   40    57    0.001
    3    18    0.001
    2    22    0.001
    3    20    0.001
    7    45    0.001
   11    36    0.001
    1    19    0.001
    1    21    0.001
    9    49    0.001
   43    57    0.001
   35    57    0.001
   34    57    0.001
    9    45    0.001
    2    23    0.001
    9    46    0.001
    1    22    0.001
   10    45    0.001
   44    57    0.001
    1    24    0.001
   45    57    0.001
    4    19    0.001
   41    57    0.001
    4    17    0.001
   12    49    0.001
   13    42    0.001
   22    30    0.001
   12    45    0.001
   12    38    0.001
   12    41    0.001
   13    46    0.001
   20    30    0.001
   12    39    0.001
   16    43    0.001
   16    46    0.001
   16    47    0.001
   13    43    0.001
    9    17    0.001
   12    46    0.001
   16    49    0.001
   13    38    0.001
   10    36    0.001
    8    17    0.001
    9    20    0.001
   13    47    0.001
   13    49    0.001
   12    40    0.001
   13    44    0.001
   16    44    0.001
   20    49    0.001
   13    39    0.001
   24    51    0.001
   22    49    0.001
   20    48    0.001
   22    48    0.001
   37    55    0.001
   26    50    0.001
   30    54    0.001
   27    39    0.001
    2    25    0.001
    9    35    0.001
   38    57    0.001
    4    20    0.001
   10    35    0.001
   15    50    0.001
   39    57    0.001
    4    18    0.001
    2    20    0.001
   37    57    0.001
    9    36    0.001
    9    34    0.001
    2    21    0.001
    2    24    0.001
   36    57    0.001
   13    21    0.001
   16    41    0.001
   20    45    0.001
   17    50    0.001
   16    23    0.001
   26    34    0.001
   20    47    0.001
   13    24    0.001
   16    42    0.001
   16    45    0.001
   47    55    0.001
   13    45    0.001
    7    18    0.001
   21    51    0.001
   14    23    0.001
   17    51    0.001
   26    33    0.001
   13    41    0.001
   22    47    0.001
   20    46    0.001
   18    50    0.001
   20    31    0.001
    3    22    0.001
   15    47    0.001
    4    23    0.001
   15    40    0.001
   33    56    0.001
   15    42    0.001
    3    25    0.001
    4    26    0.001
    3    21    0.001
   15    44    0.001
    4    21    0.001
   18    47    0.001
    3    23    0.001
   15    41    0.001
   15    46    0.001
   18    48    0.001
   15    43    0.001
   15    48    0.001
   15    49    0.001
    4    27    0.001
    4    22    0.001
    3    24    0.001
   14    51    0.001
   15    45    0.001
    3    26    0.001
   16    26    0.001
   21    30    0.001
   24    32    0.001
    6    30    0.001
   14    22    0.001
   21    50    0.001
   14    20    0.001
   45    55    0.001
   23    29    0.001
   15    26    0.001
   24    50    0.001
   22    32    0.001
   38    55    0.001
   16    27    0.001
   20    26    0.001
   15    23    0.001
   24    31    0.001
   15    22    0.001
   19    26    0.001
   16    22    0.001
   22    31    0.001
    8    32    0.001
   24    30    0.001
    7    31    0.001
   44    55    0.001
   33    55    0.001
   24    33    0.001
   46    55    0.001
   20    27    0.001
   14    24    0.001
   19    27    0.001
   14    21    0.001
   22    33    0.001
   26    39    0.001
   23    39    0.001
   27    51    0.001
   26    37    0.000
   14    42    0.000
    7    20    0.000
   39    55    0.000
    5    22    0.000
    9    33    0.000
   37    56    0.000
   40    55    0.000
    5    25    0.000
   14    46    0.000
    7    17    0.000
   10    30    0.000
   14    41    0.000
   43    55    0.000
    9    31    0.000
   44    56    0.000
    6    18    0.000
   34    56    0.000
    6    20    0.000
    8    23    0.000
   10    23    0.000
   18    46    0.000
   43    56    0.000
   14    50    0.000
    7    29    0.000
    9    30    0.000
   17    48    0.000
   27    33    0.000
   26    35    0.000
   21    46    0.000
   41    56    0.000
    5    18    0.000
   18    26    0.000
    7    24    0.000
    5    26    0.000
   32    55    0.000
    5    21    0.000
    6    25    0.000
   17    42    0.000
    7    26    0.000
   21    48    0.000
    7    22    0.000
   10    33    0.000
   14    44    0.000
   30    37    0.000
   26    36    0.000
   15    24    0.000
    6    27    0.000
   35    55    0.000
   25    50    0.000
    5    23    0.000
   48    54    0.000
    9    26    0.000
    5    24    0.000
   35    56    0.000
   38    56    0.000
    8    30    0.000
   10    34    0.000
   14    45    0.000
   17    46    0.000
    7    21    0.000
    9    23    0.000
    5    17    0.000
    6    21    0.000
   18    49    0.000
    4    24    0.000
   18    45    0.000
   18    27    0.000
   17    45    0.000
    5    28    0.000
   36    56    0.000
    9    32    0.000
   42    56    0.000
    6    19    0.000
   14    40    0.000
   14    43    0.000
    7    19    0.000
   40    56    0.000
    5    19    0.000
    6    23    0.000
   21    47    0.000
    8    31    0.000
    7    25    0.000
    6    29    0.000
   11    33    0.000
    7    23    0.000
   34    55    0.000
   25    51    0.000
    6    26    0.000
   18    44    0.000
   24    49    0.000
    6    22    0.000
   17    44    0.000
   14    49    0.000
   21    49    0.000
   14    48    0.000
   17    49    0.000
   18    43    0.000
   17    47    0.000
    6    17    0.000
    7    30    0.000
   17    43    0.000
    6    24    0.000
    4    25    0.000
    5    27    0.000
   14    47    0.000
    5    20    0.000
   30    36    0.000
   14    39    0.000
   27    34    0.000
   39    56    0.000
    7    27    0.000
   35    43    0.000
   34    51    0.000
   21    31    0.000
   33    46    0.000
   19    29    0.000
   23    47    0.000
   20    29    0.000
   35    45    0.000
   21    32    0.000
   13    37    0.000
   28    52    0.000
   16    24    0.000
   33    51    0.000
   21    38    0.000
   45    51    0.000
   36    54    0.000
   10    32    0.000
   10    25    0.000
   10    28    0.000
   35    49    0.000
   29    37    0.000
   13    26    0.000
   24    41    0.000
   17    36    0.000
   21    45    0.000
   12    29    0.000
   31    43    0.000
   24    45    0.000
   33    52    0.000
   32    49    0.000
   22    41    0.000
   11    26    0.000
   41    51    0.000
   31    52    0.000
   29    51    0.000
   16    37    0.000
   31    53    0.000
   33    54    0.000
   30    39    0.000
   33    41    0.000
   27    47    0.000
   42    48    0.000
   44    54    0.000
   25    34    0.000
   27    40    0.000
   46    52    0.000
   23    36    0.000
   13    34    0.000
    9    28    0.000
   25    33    0.000
   31    49    0.000
   32    39    0.000
   32    44    0.000
   12    25    0.000
   39    48    0.000
   36    47    0.000
   42    50    0.000
   23    46    0.000
   28    42    0.000
   18    42    0.000
   28    37    0.000
   30    48    0.000
   17    28    0.000
   15    30    0.000
   13    29    0.000
   18    31    0.000
   35    46    0.000
   15    21    0.000
   24    38    0.000
   11    24    0.000
   39    53    0.000
    8    29    0.000
   20    33    0.000
   45    54    0.000
    6    28    0.000
   18    33    0.000
   22    43    0.000
   17    40    0.000
   36    49    0.000
   17    38    0.000
   21    44    0.000
   25    45    0.000
   31    42    0.000
   37    49    0.000
   16    31    0.000
   44    53    0.000
   35    41    0.000
   29    35    0.000
   33    39    0.000
   15    35    0.000
   32    54    0.000
   27    42    0.000
   40    46    0.000
   36    55    0.000
   16    39    0.000
   12    34    0.000
   13    36    0.000
   37    47    0.000
   40    50    0.000
   30    53    0.000
   12    31    0.000
   38    53    0.000
   37    52    0.000
   28    40    0.000
   19    33    0.000
   15    29    0.000
   24    40    0.000
    8    22    0.000
   34    47    0.000
   25    35    0.000
   19    38    0.000
   32    41    0.000
   15    32    0.000
   20    43    0.000
   18    24    0.000
   15    27    0.000
   21    33    0.000
   15    28    0.000
   30    45    0.000
   24    47    0.000
   11    32    0.000
   39    46    0.000
   38    50    0.000
   29    40    0.000
   14    34    0.000
   46    53    0.000
   13    31    0.000
   42    52    0.000
   23    44    0.000
   18    40    0.000
   19    32    0.000
   31    37    0.000
   17    30    0.000
   12    28    0.000
   18    39    0.000
   32    52    0.000
   47    53    0.000
   21    28    0.000
   30    50    0.000
   13    32    0.000
   40    52    0.000
   15    34    0.000
   32    43    0.000
   33    45    0.000
   22    28    0.000
   39    51    0.000
   21    42    0.000
   29    44    0.000
   40    48    0.000
   28    51    0.000
   27    38    0.000
   22    37    0.000
   19    34    0.000
    8    24    0.000
   19    42    0.000
   32    48    0.000
   18    34    0.000
   38    46    0.000
   36    50    0.000
   42    53    0.000
   24    48    0.000
   24    34    0.000
   20    36    0.000
   31    47    0.000
   16    35    0.000
   44    51    0.000
   31    46    0.000
   25    37    0.000
   14    27    0.000
   16    29    0.000
   14    29    0.000
   18    38    0.000
   37    53    0.000
   37    46    0.000
   22    46    0.000
   28    39    0.000
   16    32    0.000
   19    40    0.000
   17    25    0.000
   28    45    0.000
   11    34    0.000
   41    53    0.000
   17    32    0.000
   35    42    0.000
   26    42    0.000
   35    52    0.000
   36    46    0.000
   14    31    0.000
   12    33    0.000
   29    42    0.000
   34    41    0.000
   21    34    0.000
   14    36    0.000
    8    26    0.000
   39    49    0.000
   17    27    0.000
   25    31    0.000
   14    38    0.000
   43    51    0.000
   35    53    0.000
   34    52    0.000
   39    47    0.000
   12    35    0.000
   12    26    0.000
   25    41    0.000
   15    36    0.000
   17    35    0.000
   32    47    0.000
   32    45    0.000
   25    32    0.000
   37    44    0.000
   27    37    0.000
   28    49    0.000
   40    54    0.000
   32    50    0.000
   17    23    0.000
   18    29    0.000
   19    31    0.000
   20    34    0.000
   34    49    0.000
   29    47    0.000
   35    48    0.000
   24    36    0.000
   30    46    0.000
   22    39    0.000
    7    28    0.000
   32    38    0.000
   17    29    0.000
    9    22    0.000
   24    37    0.000
   36    52    0.000
   16    33    0.000
   29    46    0.000
    8    20    0.000
   10    29    0.000
   10    31    0.000
   38    49    0.000
   33    50    0.000
   24    43    0.000
   31    45    0.000
   28    34    0.000
   15    39    0.000
   28    47    0.000
   34    43    0.000
   14    33    0.000
    9    24    0.000
    8    28    0.000
   37    51    0.000
   33    43    0.000
   31    40    0.000
   21    39    0.000
   43    50    0.000
   34    44    0.000
   27    49    0.000
   31    51    0.000
   26    48    0.000
   23    38    0.000
   31    50    0.000
   27    44    0.000
    8    21    0.000
   17    31    0.000
   13    28    0.000
   18    25    0.000
   19    28    0.000
   39    45    0.000
   20    35    0.000
   36    44    0.000
   38    44    0.000
   23    41    0.000
   38    51    0.000
   46    54    0.000
   30    49    0.000
   28    36    0.000
   17    33    0.000
   29    38    0.000
   15    31    0.000
   18    41    0.000
   42    51    0.000
   18    30    0.000
   28    43    0.000
   14    35    0.000
    8    27    0.000
   23    43    0.000
   25    49    0.000
   24    39    0.000
   17    37    0.000
   18    36    0.000
   36    51    0.000
   45    53    0.000
   10    27    0.000
   33    40    0.000
   26    46    0.000
   30    42    0.000
   34    50    0.000
   25    46    0.000
   36    48    0.000
   26    38    0.000
   26    41    0.000
   10    26    0.000
   13    27    0.000
   27    35    0.000
   12    24    0.000
   12    30    0.000
   33    53    0.000
   21    37    0.000
   25    36    0.000
   31    54    0.000
   22    38    0.000
   37    43    0.000
   30    52    0.000
   39    54    0.000
   11    27    0.000
   19    36    0.000
   20    40    0.000
   34    46    0.000
   16    25    0.000
   41    48    0.000
   19    39    0.000
   27    41    0.000
   30    47    0.000
   42    49    0.000
   22    40    0.000
   36    42    0.000
   13    30    0.000
   30    44    0.000
   32    40    0.000
   24    46    0.000
   20    42    0.000
   35    44    0.000
   27    46    0.000
   45    52    0.000
   22    35    0.000
   29    39    0.000
   33    48    0.000
   31    38    0.000
   15    33    0.000
   14    25    0.000
   25    40    0.000
   26    40    0.000
   11    29    0.000
   14    37    0.000
   23    40    0.000
   22    44    0.000
   40    49    0.000
   37    48    0.000
   21    43    0.000
   31    41    0.000
   11    31    0.000
   22    42    0.000
   29    50    0.000
   29    36    0.000
   25    48    0.000
   20    32    0.000
   33    47    0.000
   43    54    0.000
   30    40    0.000
   36    53    0.000
   38    47    0.000
   34    54    0.000
   28    41    0.000
   26    45    0.000
   24    42    0.000
   16    40    0.000
   25    39    0.000
   16    30    0.000
   29    43    0.000
   19    41    0.000
   26    44    0.000
   12    32    0.000
   41    50    0.000
   27    43    0.000
   17    39    0.000
   14    28    0.000
   41    52    0.000
   20    39    0.000
   25    38    0.000
   17    24    0.000
   42    54    0.000
   22    45    0.000
   27    48    0.000
   25    47    0.000
   34    42    0.000
   43    53    0.000
   20    38    0.000
   11    23    0.000
   38    54    0.000
   40    47    0.000
   28    44    0.000
    9    27    0.000
   19    35    0.000
   13    33    0.000
   23    37    0.000
   37    45    0.000
   29    41    0.000
   17    26    0.000
   39    50    0.000
   14    30    0.000
   37    50    0.000
   36    45    0.000
   17    41    0.000
   35    51    0.000
   26    43    0.000
   20    44    0.000
   27    36    0.000
   12    27    0.000
   30    51    0.000
   40    51    0.000
   21    36    0.000
   33    44    0.000
   29    45    0.000
   17    34    0.000
   25    42    0.000
   21    27    0.000
   30    43    0.000
   39    52    0.000
   34    40    0.000
   19    43    0.000
   22    29    0.000
   32    53    0.000
   15    37    0.000
   18    32    0.000
   22    34    0.000
   41    47    0.000
   18    28    0.000
   28    50    0.000
   29    49    0.000
   28    38    0.000
   18    35    0.000
   38    52    0.000
   11    28    0.000
   33    49    0.000
    8    25    0.000
   44    52    0.000
    9    29    0.000
   16    36    0.000
   23    35    0.000
    9    25    0.000
   22    36    0.000
   31    48    0.000
   13    35    0.000
   34    53    0.000
   18    37    0.000
   11    35    0.000
   41    49    0.000
   16    28    0.000
   24    44    0.000
   16    38    0.000
   25    44    0.000
   28    46    0.000
   38    48    0.000
   14    32    0.000
   31    39    0.000
   15    25    0.000
   35    47    0.000
   26    47    0.000
   19    37    0.000
   21    41    0.000
   21    40    0.000
   38    45    0.000
   43    49    0.000
   35    54    0.000
   26    49    0.000
   15    38    0.000
   28    35    0.000
   27    45    0.000
   23    45    0.000
   27    50    0.000
   11    25    0.000
   41    54    0.000
   21    29    0.000
   30    41    0.000
   13    25    0.000
   10    22    0.000
   34    45    0.000
   20    41    0.000
   29    48    0.000
   32    46    0.000
   40    53    0.000
   35    50    0.000
   32    51    0.000
   21    35    0.000
   28    48    0.000
   32    42    0.000
   36    43    0.000
   37    54    0.000
   12    36    0.000
   23    42    0.000
   11    30    0.000
   43    52    0.000
   33    42    0.000
   20    28    0.000
   25    43    0.000
    9    21    0.000
   29    52    0.000
   34    48    0.000
   14    26    0.000
   20    37    0.000
   31    44    0.000
   10    24    0.000
   47    54    0.000
   16    34    0.000
   30    38    0.000
   24    35    0.000
   44    50    0.000
   19    25    0.000
