1431	 22.6576
   11    19    0.977
    9    15    0.685
    4    46    0.644
    4    49    0.637
    4    10    0.618
    1    46    0.579
    1    49    0.537
    4    43    0.480
    4    15    0.477
    3     9    0.470
    4    50    0.469
    1    50    0.451
    1    43    0.440
    1    10    0.428
    4    11    0.426
    2     9    0.421
    1     9    0.409
   51    58    0.409
    1    36    0.392
    2    10    0.390
    4    19    0.377
    1    11    0.371
    2    11    0.368
    1    39    0.355
    1    42    0.347
    4    36    0.340
    1    45    0.339
    1    40    0.333
    4    42    0.332
    4    33    0.329
    4    40    0.324
   51    57    0.323
    4    45    0.317
    4    39    0.299
    4    53    0.295
    1    47    0.278
   47    58    0.273
   50    56    0.270
    4    16    0.260
   30    38    0.259
    2    36    0.255
    2    19    0.253
    2     8    0.252
    3    10    0.249
   50    58    0.249
    1    53    0.245
    1    35    0.242
    2    15    0.238
    1     8    0.238
    1    48    0.234
   10    16    0.229
   26    33    0.227
    4    32    0.223
    1    15    0.211
    1    12    0.206
    1    44    0.204
    1    19    0.203
    2    39    0.202
    1    37    0.201
    4    47    0.200
    1    52    0.193
    1    33    0.178
    4    12    0.176
    1    41    0.175
   51    59    0.170
    1    38    0.170
    1    51    0.168
    4    44    0.166
    2    46    0.165
    4    55    0.164
    1     7    0.164
    3    36    0.163
    1    54    0.160
    4    48    0.158
    2    43    0.156
   50    57    0.155
    1    23    0.154
    1    22    0.153
    5    53    0.152
    4    54    0.150
    2    12    0.149
    2    40    0.149
    4    52    0.148
    4    35    0.147
    1    55    0.140
    1    16    0.139
    2    23    0.139
    5    49    0.132
    4    18    0.130
    5    50    0.130
    9    55    0.129
    8    15    0.128
    1    32    0.127
    2    16    0.125
    4    23    0.124
    1    34    0.123
    3    11    0.121
   10    19    0.119
    4    22    0.119
    1    18    0.119
    3    53    0.117
    2    33    0.116
   26    34    0.116
    2    49    0.116
    4    37    0.116
    6    15    0.115
    1    13    0.114
   52    58    0.112
   11    55    0.111
   47    57    0.109
    2    50    0.108
    9    53    0.108
   48    58    0.107
    2    42    0.106
   50    59    0.105
    2    35    0.105
    3    49    0.104
    2    53    0.104
    4    51    0.102
    1    56    0.101
   11    53    0.101
    5    15    0.097
   47    59    0.097
    4    56    0.097
    2    22    0.096
    9    58    0.096
    6    53    0.096
   11    50    0.096
    1    14    0.094
    5    55    0.093
    1    26    0.091
    5    11    0.091
    1    59    0.090
    4    41    0.090
    1    31    0.089
    3    46    0.088
    3    39    0.088
    1    30    0.087
    9    56    0.086
    3    33    0.086
    9    50    0.085
    5    46    0.085
   47    56    0.085
    2    32    0.084
    8    55    0.084
    4    29    0.083
    7    53    0.083
    6    12    0.083
    9    19    0.083
    7    15    0.082
    8    53    0.082
    9    57    0.082
    7    32    0.081
    5    54    0.081
   15    55    0.080
    1    29    0.080
   10    55    0.080
    7    55    0.080
    3    50    0.079
   11    49    0.078
   10    50    0.078
    6    55    0.077
   10    53    0.077
   53    59    0.077
    2    18    0.077
    9    54    0.077
    2    26    0.077
    1    20    0.075
    1    57    0.075
    3    40    0.074
    3    15    0.074
    4    30    0.074
    2    55    0.073
    4    34    0.073
    1    58    0.072
    4    58    0.072
   15    58    0.071
    3    43    0.071
    3    19    0.070
    1    27    0.070
    3    55    0.069
   52    59    0.069
    6    32    0.069
    6    40    0.068
    9    16    0.068
    9    49    0.068
    3    32    0.068
    8    58    0.067
   12    55    0.067
    4    31    0.066
   11    58    0.066
    5    52    0.066
    4    57    0.066
    5    56    0.065
   11    54    0.065
    5    43    0.064
    2    37    0.064
    2    45    0.064
    4    13    0.064
    4    26    0.063
    2    54    0.063
    6    39    0.063
   10    58    0.062
    1    17    0.062
   10    49    0.061
    7    33    0.061
    8    56    0.060
    6    54    0.060
    2    29    0.059
   49    55    0.059
    4    38    0.059
    7    58    0.059
    5    36    0.059
    1    24    0.059
    4    14    0.059
    2    47    0.058
    7    56    0.057
   11    57    0.057
    3    56    0.056
    3    35    0.056
   48    59    0.056
    2    56    0.056
    7    54    0.056
   10    46    0.056
    3    54    0.056
    1    21    0.055
    5    33    0.054
    8    50    0.054
    6    33    0.054
    6    56    0.054
    6    50    0.054
    8    54    0.054
    5    58    0.054
    6    36    0.053
    5    32    0.053
    8    57    0.053
   48    57    0.053
   12    58    0.052
   12    53    0.052
    5    40    0.051
   12    57    0.051
   16    50    0.051
    2    52    0.051
   10    57    0.051
    9    46    0.051
   11    56    0.050
   10    42    0.050
   15    57    0.050
    2    13    0.050
    6    58    0.049
   10    33    0.049
   10    54    0.049
    5    39    0.049
   49    58    0.049
   29    35    0.048
    1    28    0.048
    6    43    0.048
   10    56    0.048
   13    53    0.047
    2    59    0.047
    5    57    0.047
    2    58    0.046
   23    33    0.046
    7    50    0.046
    3    58    0.046
    1    25    0.046
    7    57    0.046
    2    30    0.045
   30    41    0.045
   11    46    0.045
    3    52    0.045
   47    55    0.045
   30    36    0.045
    7    36    0.044
    2    44    0.044
    2    57    0.044
    6    49    0.042
   12    56    0.042
    5    42    0.042
    4    59    0.042
   10    43    0.042
    6    57    0.042
    6    52    0.042
    5    51    0.042
   23    30    0.042
    5    19    0.041
    3    57    0.041
    2    27    0.041
    6    42    0.041
    2    34    0.041
    2    14    0.041
    5    12    0.041
    3    12    0.041
    9    59    0.041
    2    31    0.040
   26    35    0.040
    3    59    0.040
    3    42    0.040
    2    20    0.040
    9    52    0.039
   13    55    0.039
   15    56    0.039
    8    49    0.038
   44    58    0.038
   10    39    0.038
    7    39    0.038
    2    38    0.037
   10    32    0.037
   30    39    0.037
   12    54    0.037
   48    56    0.037
   11    59    0.037
    4    20    0.037
    9    51    0.037
    2    41    0.037
   46    58    0.036
   15    54    0.036
   18    55    0.036
    2    48    0.036
    7    52    0.035
   19    55    0.035
    8    52    0.034
   11    51    0.034
   15    53    0.034
    5    45    0.034
    7    59    0.034
   16    53    0.033
    6    46    0.033
   49    59    0.033
    9    32    0.033
    3    45    0.033
   49    56    0.033
    7    49    0.033
   16    55    0.033
    8    59    0.033
   10    36    0.033
   14    55    0.033
   10    59    0.032
    5    59    0.032
   13    50    0.032
    2    51    0.032
    3    16    0.032
    5    47    0.031
   14    58    0.031
   18    58    0.031
   13    58    0.031
    9    29    0.031
   16    58    0.030
    5    16    0.030
    3    37    0.030
   19    58    0.030
    6    59    0.030
   26    38    0.030
    9    42    0.030
   33    41    0.030
   27    33    0.030
    6    51    0.030
    5    48    0.030
   43    58    0.030
    3    47    0.030
   48    54    0.030
   19    54    0.030
   15    59    0.030
   12    59    0.029
   13    54    0.029
   11    43    0.029
    3    51    0.029
    3    48    0.029
   11    42    0.029
   18    54    0.029
   23    29    0.029
    6    29    0.029
   11    39    0.028
   12    50    0.028
    9    33    0.028
   46    59    0.028
    4    27    0.028
   13    57    0.028
    7    40    0.027
   48    55    0.027
   19    50    0.027
   11    52    0.027
    8    51    0.027
    3    22    0.027
   19    53    0.026
   13    51    0.026
   23    46    0.026
    2    24    0.026
   11    17    0.026
    9    43    0.026
    3    23    0.026
    7    46    0.026
   10    40    0.025
   11    18    0.025
   27    38    0.025
   11    33    0.025
   49    57    0.025
    7    51    0.025
    7    43    0.024
    8    46    0.024
   26    42    0.024
   27    35    0.024
   26    32    0.024
    6    16    0.024
   16    54    0.024
    5    35    0.023
   14    57    0.023
    6    13    0.023
    6    19    0.023
   23    39    0.023
    3    34    0.023
   14    59    0.023
   13    59    0.023
   10    51    0.023
   44    59    0.023
    7    42    0.023
    3    30    0.023
   10    52    0.023
   30    42    0.023
    3    18    0.022
    7    29    0.022
   23    42    0.022
   11    36    0.022
   20    46    0.022
    9    47    0.022
    3    31    0.022
    7    35    0.022
    6    35    0.022
   10    47    0.021
    4    17    0.021
    3    29    0.021
   11    47    0.021
   19    46    0.021
   27    34    0.021
   16    57    0.021
    9    39    0.021
   26    39    0.021
   14    53    0.021
    2    28    0.021
   18    53    0.021
   16    46    0.020
   13    56    0.020
    5    44    0.020
    3    44    0.020
   17    50    0.020
   32    38    0.019
   27    39    0.019
   12    51    0.019
    3    38    0.019
   18    59    0.019
   26    46    0.019
   30    37    0.019
    2    17    0.019
    8    16    0.018
    2    25    0.018
   22    55    0.018
    6    47    0.018
   25    33    0.018
    8    32    0.018
   16    59    0.018
    5    37    0.018
    5    29    0.018
    6    45    0.018
    7    16    0.018
   45    59    0.017
   47    53    0.017
    9    40    0.017
   15    50    0.017
    6    37    0.017
   29    38    0.017
   43    59    0.017
   45    58    0.017
   26    49    0.017
   14    54    0.017
   16    49    0.017
    3    26    0.017
    9    48    0.016
   10    29    0.016
    8    39    0.016
   14    56    0.016
   23    34    0.016
   18    56    0.016
    8    42    0.016
    8    19    0.016
   18    57    0.016
    8    36    0.016
    6    48    0.016
    5    13    0.016
    9    36    0.016
   19    57    0.015
    8    33    0.015
    3    13    0.015
    3    41    0.015
   19    56    0.015
   19    59    0.015
   10    45    0.015
    7    13    0.015
    6    14    0.015
   11    40    0.015
   28    34    0.015
   26    36    0.015
    3    14    0.015
   22    29    0.015
    7    19    0.015
   16    56    0.015
    6    44    0.015
   13    49    0.015
   14    50    0.015
    7    47    0.014
    2    21    0.014
    7    37    0.014
   22    53    0.014
    4    28    0.014
   16    51    0.014
   22    58    0.014
   11    20    0.014
    8    43    0.014
   24    33    0.014
    5    31    0.014
    5    41    0.014
   22    54    0.014
   19    49    0.014
    4    24    0.014
    8    47    0.014
    5    30    0.014
    8    14    0.014
    5    18    0.014
   23    43    0.013
   24    30    0.013
   47    54    0.013
    5    14    0.013
    5    22    0.013
   12    52    0.013
    8    40    0.013
    9    45    0.013
   46    57    0.013
    5    38    0.013
   20    50    0.012
   10    48    0.012
   13    52    0.012
   12    49    0.012
   11    48    0.012
   31    38    0.012
    6    38    0.012
   20    43    0.012
    4    25    0.012
   23    38    0.012
    8    48    0.012
   33    39    0.012
   16    47    0.012
   10    35    0.012
   20    42    0.012
    6    31    0.012
    6    41    0.012
   17    59    0.011
    7    31    0.011
    7    45    0.011
    5    34    0.011
   30    45    0.011
    7    48    0.011
   26    50    0.011
   18    50    0.011
   23    50    0.011
   22    56    0.011
   17    55    0.011
    6    30    0.010
   22    59    0.010
   14    51    0.010
    4    21    0.010
   17    58    0.010
    9    30    0.010
   23    35    0.010
   30    40    0.010
   27    36    0.010
   11    45    0.010
   11    32    0.010
    7    34    0.010
   10    44    0.010
   46    56    0.010
   13    46    0.010
    7    30    0.010
    7    38    0.010
    8    29    0.010
   27    42    0.010
   23    36    0.010
    9    44    0.010
   20    47    0.010
    7    14    0.009
   17    53    0.009
   19    51    0.009
    5    23    0.009
    7    44    0.009
    6    34    0.009
    3    20    0.009
   26    37    0.009
   22    50    0.009
   13    47    0.009
    8    45    0.009
   23    58    0.008
   22    57    0.008
   22    46    0.008
   21    59    0.008
   12    19    0.008
   10    41    0.008
   22    30    0.008
    5    26    0.008
   46    55    0.008
   26    45    0.008
    6    18    0.008
   20    59    0.008
   10    37    0.008
    9    18    0.008
   23    32    0.008
   31    37    0.008
   19    52    0.008
   15    51    0.008
   25    58    0.008
   10    38    0.008
   28    35    0.008
    3    27    0.008
   17    54    0.008
   25    59    0.008
   29    36    0.008
   44    57    0.008
   11    44    0.007
   20    58    0.007
   23    31    0.007
   18    51    0.007
   23    59    0.007
   42    59    0.007
    9    35    0.007
   11    35    0.007
   26    58    0.007
   17    46    0.007
    9    31    0.007
    8    35    0.007
    7    41    0.007
   46    52    0.007
   15    52    0.007
   15    49    0.007
   10    18    0.007
   29    37    0.007
   10    30    0.007
   19    33    0.007
   19    43    0.007
   17    51    0.007
   10    34    0.007
   21    58    0.007
   31    39    0.006
   25    31    0.006
   19    47    0.006
   23    37    0.006
   26    59    0.006
   24    59    0.006
   16    52    0.006
    8    44    0.006
    9    41    0.006
   28    38    0.006
   11    38    0.006
   30    46    0.006
   26    53    0.006
   41    59    0.006
   11    29    0.006
   11    41    0.006
   20    26    0.006
   19    42    0.006
    6    26    0.006
   22    33    0.006
   13    19    0.006
   14    49    0.006
   40    59    0.006
   27    37    0.006
   26    41    0.006
   23    55    0.006
    8    37    0.006
   17    47    0.006
   11    37    0.006
   34    42    0.006
   20    55    0.006
   20    33    0.006
   17    49    0.006
    3    28    0.006
   26    55    0.006
   14    52    0.006
   17    57    0.005
    9    37    0.005
   23    47    0.005
   10    31    0.005
   24    34    0.005
   26    43    0.005
   12    46    0.005
    9    26    0.005
   24    39    0.005
   31    41    0.005
   30    43    0.005
   18    49    0.005
   27    46    0.005
   22    49    0.005
    9    38    0.005
   18    52    0.005
   27    59    0.005
   24    58    0.005
   34    40    0.005
   20    53    0.005
   25    34    0.005
   29    59    0.005
   23    45    0.005
   21    55    0.005
   28    59    0.005
    8    30    0.005
   39    59    0.005
    3    17    0.005
    3    24    0.005
   11    34    0.005
    5    27    0.005
   17    56    0.005
   20    49    0.005
   23    49    0.005
   20    54    0.005
   45    57    0.005
    8    38    0.005
   23    53    0.005
   34    41    0.005
   31    59    0.005
   20    29    0.004
   24    42    0.004
   25    32    0.004
   38    59    0.004
    7    26    0.004
   30    59    0.004
   10    17    0.004
   42    58    0.004
   23    54    0.004
   29    53    0.004
   26    47    0.004
   46    54    0.004
   24    46    0.004
   37    59    0.004
   22    52    0.004
   23    57    0.004
   32    59    0.004
   36    59    0.004
   33    59    0.004
   33    42    0.004
   34    59    0.004
   35    59    0.004
   23    40    0.004
    8    41    0.004
   16    48    0.004
   40    58    0.004
   20    30    0.004
   21    50    0.004
    6    28    0.004
    3    25    0.004
   20    39    0.004
   28    36    0.004
    5    20    0.004
    9    34    0.004
   30    49    0.004
   29    49    0.004
   12    47    0.004
   44    56    0.004
   14    46    0.004
   24    38    0.004
    9    28    0.004
   27    41    0.004
   23    56    0.004
   45    56    0.004
   27    58    0.004
    8    31    0.004
   41    58    0.004
   45    51    0.004
   33    40    0.004
   22    42    0.004
    7    18    0.004
   24    32    0.004
   19    48    0.004
   12    18    0.004
    6    22    0.004
   15    46    0.004
   25    55    0.004
    8    34    0.004
   23    41    0.004
   43    57    0.004
   29    58    0.004
   13    48    0.004
   24    35    0.004
    6    27    0.004
    3    21    0.004
   24    31    0.004
   11    30    0.004
   11    21    0.004
   21    53    0.004
    9    17    0.004
   21    54    0.004
   14    47    0.004
   30    44    0.003
   23    44    0.003
   35    41    0.003
    8    18    0.003
   26    40    0.003
    5    28    0.003
    7    28    0.003
   26    54    0.003
   25    57    0.003
   22    28    0.003
   20    56    0.003
   21    29    0.003
   12    43    0.003
   28    58    0.003
   20    57    0.003
   11    22    0.003
   12    42    0.003
   30    58    0.003
   20    51    0.003
   12    48    0.003
   12    39    0.003
   29    39    0.003
   21    56    0.003
    7    27    0.003
   31    58    0.003
   22    51    0.003
   15    47    0.003
   45    55    0.003
    9    27    0.003
   20    48    0.003
    6    17    0.003
   20    45    0.003
    5    17    0.003
   28    37    0.003
   32    39    0.003
   26    57    0.003
   39    58    0.003
   19    45    0.003
   23    48    0.003
   27    40    0.003
   16    33    0.003
   19    30    0.003
   21    46    0.003
   13    43    0.003
   12    36    0.003
   46    53    0.003
   21    57    0.003
   27    43    0.003
   32    58    0.003
   33    58    0.003
   25    35    0.003
   27    45    0.003
   22    39    0.003
   25    56    0.003
   26    44    0.003
   32    41    0.003
   11    31    0.003
   26    56    0.003
   24    43    0.003
   16    43    0.003
   18    46    0.003
   37    58    0.003
   34    58    0.003
   38    58    0.003
   17    52    0.003
   24    55    0.003
   35    58    0.003
   36    58    0.003
   44    55    0.003
   29    41    0.003
    8    26    0.003
   16    45    0.003
   12    33    0.003
   20    34    0.003
   14    48    0.002
   24    36    0.002
   26    48    0.002
    6    23    0.002
   45    53    0.002
   19    34    0.002
    7    17    0.002
   20    44    0.002
   22    34    0.002
   29    46    0.002
   44    50    0.002
   21    27    0.002
   18    48    0.002
   25    53    0.002
   17    48    0.002
   22    43    0.002
   28    39    0.002
   13    42    0.002
    9    20    0.002
   19    29    0.002
   25    54    0.002
   10    28    0.002
   19    27    0.002
   15    48    0.002
   19    26    0.002
   32    40    0.002
    8    17    0.002
   19    39    0.002
   16    42    0.002
   29    45    0.002
    8    22    0.002
   36    42    0.002
   19    25    0.002
   20    52    0.002
   23    51    0.002
   24    57    0.002
   20    38    0.002
   16    36    0.002
   12    45    0.002
   18    47    0.002
   12    40    0.002
   13    45    0.002
   21    51    0.002
   22    36    0.002
   20    27    0.002
   13    39    0.002
   23    52    0.002
   22    48    0.002
    7    22    0.002
   29    42    0.002
   43    56    0.002
   19    44    0.002
   20    28    0.002
   15    33    0.002
   43    49    0.002
   22    47    0.002
   35    42    0.002
   22    45    0.002
    6    20    0.002
   22    38    0.002
    5    25    0.002
    8    28    0.002
   24    56    0.002
   21    49    0.002
   20    40    0.002
    9    23    0.002
   42    48    0.002
   14    43    0.002
   14    20    0.002
   22    35    0.002
   45    52    0.002
   18    24    0.002
    8    23    0.002
   31    40    0.002
   45    54    0.002
   24    50    0.002
   24    37    0.002
   31    42    0.002
   21    42    0.002
   27    49    0.002
    5    24    0.002
   29    50    0.002
   27    55    0.002
   10    20    0.002
   37    43    0.002
    8    27    0.002
   17    43    0.002
   16    44    0.002
   25    42    0.002
   26    51    0.002
   11    23    0.002
    8    20    0.002
   41    47    0.002
   30    50    0.002
   21    33    0.002
   44    52    0.002
   29    55    0.002
   12    44    0.002
   25    38    0.002
   14    42    0.002
   38    44    0.002
   13    44    0.002
   39    45    0.002
   12    32    0.002
   17    23    0.002
   24    54    0.002
   40    46    0.002
   24    40    0.002
   21    30    0.002
   19    35    0.002
   20    35    0.002
   24    53    0.002
   21    52    0.002
   25    39    0.002
   44    51    0.002
    9    22    0.002
   13    36    0.002
   21    43    0.002
   18    33    0.002
    7    20    0.002
   25    46    0.001
   15    36    0.001
   13    40    0.001
   22    32    0.001
    5    21    0.001
   14    45    0.001
   24    45    0.001
   25    49    0.001
   22    37    0.001
    7    23    0.001
   24    41    0.001
   24    47    0.001
   21    39    0.001
   10    22    0.001
   12    41    0.001
   25    50    0.001
   25    36    0.001
   27    50    0.001
   12    35    0.001
   30    47    0.001
   10    26    0.001
   13    41    0.001
   35    43    0.001
   20    41    0.001
   27    57    0.001
   20    36    0.001
   16    35    0.001
   21    47    0.001
   11    28    0.001
   29    57    0.001
   10    27    0.001
   15    21    0.001
    9    21    0.001
   24    49    0.001
   26    52    0.001
   10    23    0.001
   21    28    0.001
   14    39    0.001
   22    31    0.001
   13    33    0.001
   14    44    0.001
   16    22    0.001
   29    40    0.001
   44    54    0.001
   28    41    0.001
   33    43    0.001
   16    34    0.001
   15    43    0.001
   15    45    0.001
   19    40    0.001
    6    25    0.001
   12    38    0.001
   21    48    0.001
   27    44    0.001
   17    45    0.001
   14    21    0.001
   12    37    0.001
   16    39    0.001
   28    42    0.001
   27    56    0.001
   43    50    0.001
   27    47    0.001
   18    26    0.001
   19    36    0.001
   15    42    0.001
   28    55    0.001
   17    42    0.001
   14    22    0.001
   30    57    0.001
    9    25    0.001
   22    41    0.001
   36    43    0.001
   14    40    0.001
   20    31    0.001
   14    36    0.001
   20    32    0.001
   43    51    0.001
   14    33    0.001
   19    32    0.001
   28    57    0.001
   31    45    0.001
   40    57    0.001
   29    56    0.001
   12    20    0.001
   41    57    0.001
   12    34    0.001
   11    27    0.001
   44    53    0.001
   42    57    0.001
   15    39    0.001
   22    44    0.001
   11    26    0.001
   19    38    0.001
   12    29    0.001
   21    38    0.001
   31    57    0.001
   42    49    0.001
   38    45    0.001
   17    24    0.001
   25    37    0.001
   37    44    0.001
   19    41    0.001
   24    44    0.001
   43    55    0.001
    6    21    0.001
   29    54    0.001
   14    41    0.001
   20    37    0.001
   30    55    0.001
   21    45    0.001
   17    33    0.001
   27    54    0.001
   21    36    0.001
   27    53    0.001
   21    34    0.001
   13    21    0.001
   41    48    0.001
   25    41    0.001
   36    44    0.001
   15    22    0.001
   25    45    0.001
   13    38    0.001
   33    45    0.001
   22    40    0.001
   18    45    0.001
   16    37    0.001
   15    44    0.001
   37    45    0.001
   18    43    0.001
   39    46    0.001
   16    38    0.001
   30    48    0.001
   18    25    0.001
   40    47    0.001
   12    30    0.001
   16    23    0.001
   13    35    0.001
   18    34    0.001
   13    37    0.001
   10    21    0.001
   21    35    0.001
   32    57    0.001
    7    25    0.001
   31    55    0.001
    8    25    0.001
   15    35    0.001
   13    32    0.001
   29    44    0.001
   30    53    0.001
   42    50    0.001
   28    46    0.001
   33    57    0.001
   17    44    0.001
   18    42    0.001
   32    42    0.001
   19    37    0.001
   16    41    0.001
   29    47    0.001
   28    45    0.001
    9    24    0.001
   34    43    0.001
   21    37    0.001
   41    49    0.001
   39    57    0.001
   32    55    0.001
   29    48    0.001
   28    56    0.001
   25    52    0.001
   28    40    0.001
   17    25    0.001
   38    46    0.001
   34    57    0.001
   16    40    0.001
   40    48    0.001
   28    49    0.001
   19    28    0.001
   16    32    0.001
   19    31    0.001
    7    21    0.001
   21    44    0.001
   15    32    0.001
   33    55    0.001
   17    36    0.001
   16    24    0.001
   25    43    0.001
   39    47    0.001
   35    57    0.001
   38    57    0.001
   37    57    0.001
   24    48    0.001
   13    20    0.001
   36    57    0.001
   21    40    0.001
   34    55    0.001
   14    38    0.001
   30    56    0.001
   15    40    0.001
   15    23    0.001
   18    35    0.001
   12    31    0.001
   14    35    0.001
   35    55    0.001
   17    35    0.001
   14    32    0.001
   34    45    0.001
   15    34    0.001
   36    55    0.001
   15    38    0.001
    6    24    0.001
   17    34    0.001
   42    56    0.001
    8    21    0.001
   24    52    0.001
   21    41    0.001
   13    34    0.001
   12    22    0.001
   29    43    0.001
   24    51    0.001
   25    48    0.001
   33    44    0.001
   37    55    0.001
   13    29    0.001
   43    54    0.001
   18    36    0.001
   25    51    0.001
   30    54    0.001
   15    41    0.001
    8    24    0.001
   27    48    0.001
   15    37    0.001
   18    44    0.001
   25    47    0.001
   33    49    0.001
   13    22    0.001
   31    56    0.001
   17    39    0.001
   14    37    0.001
   13    30    0.001
   41    56    0.001
   38    55    0.001
   43    53    0.001
   31    43    0.001
   21    31    0.001
   29    52    0.001
   16    30    0.001
   25    44    0.001
   12    28    0.001
   25    40    0.001
   10    24    0.001
   28    54    0.001
   21    32    0.001
   10    25    0.001
   28    53    0.001
   34    44    0.001
    7    24    0.001
   13    31    0.001
   41    55    0.001
   32    56    0.001
   42    55    0.001
   28    44    0.001
   18    39    0.001
   31    46    0.001
   28    43    0.001
   16    31    0.001
   29    51    0.001
   14    34    0.001
   39    55    0.001
   31    44    0.001
   17    37    0.001
   40    56    0.001
   43    52    0.000
   27    52    0.000
   12    27    0.000
   11    25    0.000
   14    30    0.000
   27    51    0.000
   33    56    0.000
   13    28    0.000
   35    44    0.000
   40    55    0.000
   28    47    0.000
   33    46    0.000
   31    49    0.000
   18    37    0.000
   17    40    0.000
   35    45    0.000
   31    54    0.000
   17    38    0.000
   11    24    0.000
   15    31    0.000
   34    56    0.000
   14    29    0.000
   32    54    0.000
   14    31    0.000
   17    30    0.000
   18    40    0.000
   15    30    0.000
   17    41    0.000
   18    30    0.000
   12    26    0.000
   17    26    0.000
   35    56    0.000
   16    26    0.000
   32    45    0.000
   18    27    0.000
   28    50    0.000
   17    32    0.000
   16    29    0.000
   33    54    0.000
   37    56    0.000
   36    56    0.000
   33    50    0.000
   38    56    0.000
   39    56    0.000
   18    38    0.000
   16    27    0.000
   32    49    0.000
   18    29    0.000
   28    48    0.000
   17    27    0.000
   18    41    0.000
   31    53    0.000
   18    32    0.000
   36    45    0.000
   30    51    0.000
   15    29    0.000
   34    54    0.000
   13    27    0.000
   34    46    0.000
   38    48    0.000
   39    49    0.000
   42    51    0.000
   41    51    0.000
   17    29    0.000
   42    53    0.000
   15    26    0.000
   40    50    0.000
   13    26    0.000
   30    52    0.000
   16    28    0.000
   35    54    0.000
   32    53    0.000
   38    49    0.000
   42    52    0.000
   17    31    0.000
   36    54    0.000
   14    28    0.000
   42    54    0.000
   35    46    0.000
   12    23    0.000
   33    53    0.000
   37    54    0.000
   41    54    0.000
   32    46    0.000
   28    52    0.000
   13    23    0.000
   37    48    0.000
   18    31    0.000
   39    48    0.000
   39    50    0.000
   37    47    0.000
   38    54    0.000
   14    26    0.000
   31    50    0.000
   40    49    0.000
   41    50    0.000
   40    51    0.000
   14    23    0.000
   36    47    0.000
   31    47    0.000
   39    54    0.000
   17    28    0.000
   32    50    0.000
   41    52    0.000
   18    28    0.000
   38    47    0.000
   15    27    0.000
   37    46    0.000
   32    43    0.000
   40    54    0.000
   31    48    0.000
   14    27    0.000
   36    46    0.000
   15    28    0.000
   33    48    0.000
   28    51    0.000
   16    25    0.000
   32    48    0.000
   33    47    0.000
   33    51    0.000
   34    53    0.000
   12    25    0.000
   32    47    0.000
   41    53    0.000
   33    52    0.000
   15    24    0.000
   38    50    0.000
   32    44    0.000
   15    25    0.000
   35    47    0.000
   37    49    0.000
   32    52    0.000
   35    53    0.000
   12    21    0.000
   36    53    0.000
   14    25    0.000
   32    51    0.000
   31    52    0.000
   31    51    0.000
   36    48    0.000
   13    25    0.000
   39    51    0.000
   34    52    0.000
   34    49    0.000
   37    53    0.000
   34    51    0.000
   34    50    0.000
   14    24    0.000
   40    52    0.000
   37    50    0.000
   35    51    0.000
   35    52    0.000
   35    49    0.000
   34    47    0.000
   35    50    0.000
   35    48    0.000
   34    48    0.000
   36    50    0.000
   38    53    0.000
   36    49    0.000
   36    52    0.000
   36    51    0.000
   38    51    0.000
   40    53    0.000
   37    51    0.000
   39    53    0.000
   12    24    0.000
   13    24    0.000
   37    52    0.000
   39    52    0.000
   38    52    0.000
