1431	 22.6576
   11    19    0.672
    9    15    0.463
    3     9    0.285
    1    50    0.282
    1    49    0.275
    1    46    0.262
    2     9    0.235
    4    10    0.228
   47    58    0.226
    1     9    0.217
   51    57    0.210
   51    58    0.193
   49    55    0.185
   30    49    0.176
   50    56    0.166
    4    49    0.161
    1    10    0.156
    2    10    0.155
   26    34    0.153
    4    46    0.150
   33    41    0.145
    1    43    0.140
    1    11    0.139
    4    43    0.137
   47    53    0.132
    4    33    0.120
    9    19    0.116
   26    49    0.116
   50    58    0.116
    3    10    0.115
   47    57    0.113
   26    33    0.113
    2    11    0.111
    2     8    0.111
   50    57    0.105
    4    50    0.100
   48    54    0.100
   45    51    0.099
   51    59    0.096
   47    59    0.091
    1    12    0.089
    2    12    0.089
   43    49    0.089
   49    56    0.087
    1    47    0.087
   30    38    0.084
    4    40    0.084
   43    58    0.082
    1    48    0.081
   10    16    0.078
   10    40    0.077
   48    55    0.074
   26    51    0.073
    2    50    0.072
   46    58    0.070
    4    19    0.068
   47    55    0.066
    2    33    0.066
    1    40    0.064
   47    56    0.062
    2    16    0.061
   13    47    0.059
   23    51    0.058
    7    40    0.058
   10    44    0.057
    2    19    0.056
    4    15    0.056
    1    51    0.056
   30    45    0.055
    4    48    0.055
    1    33    0.054
   14    47    0.053
    1     8    0.053
   48    58    0.053
   48    56    0.052
    1    15    0.052
   49    57    0.050
   10    47    0.049
   33    49    0.049
    4    38    0.048
   46    57    0.048
    4    39    0.048
   18    50    0.048
    2    15    0.048
    1    53    0.048
   26    53    0.048
    9    16    0.047
    4    47    0.046
   48    57    0.046
    2    13    0.046
    7    43    0.045
    2    49    0.045
   52    58    0.045
   47    54    0.044
   19    36    0.044
   49    58    0.044
   43    59    0.044
   30    41    0.044
    4    35    0.044
   11    43    0.043
    2    46    0.042
   22    53    0.041
    4    44    0.041
   11    44    0.041
    4    34    0.041
    1    34    0.040
   11    36    0.040
   43    57    0.038
   44    58    0.038
   46    53    0.037
    1    42    0.037
   23    49    0.036
   10    43    0.036
   11    40    0.036
    1    39    0.035
   11    34    0.035
    9    40    0.034
    1    36    0.034
   13    44    0.034
   50    59    0.034
   23    53    0.034
    1    19    0.033
   33    39    0.033
    1     7    0.033
    4    42    0.033
    1    45    0.032
   41    47    0.032
   10    39    0.032
    4    36    0.032
    1    52    0.032
    1    18    0.032
   23    52    0.032
    3    50    0.032
   14    50    0.031
    2    34    0.031
    4    37    0.031
    7    39    0.030
    8    43    0.030
   23    34    0.030
    4    16    0.030
    4    11    0.030
    2    51    0.029
    3    33    0.029
   34    41    0.029
   27    49    0.029
    4    51    0.028
   19    55    0.028
   26    52    0.028
   18    54    0.028
    1    16    0.028
    7    44    0.028
    1    35    0.027
   10    19    0.027
   35    42    0.027
   19    53    0.027
   11    37    0.026
    1    38    0.026
   30    47    0.026
   11    39    0.026
    3    49    0.026
   23    50    0.026
    8    40    0.025
   11    47    0.025
    2    48    0.025
   44    59    0.025
   30    42    0.025
   17    47    0.025
    1    32    0.025
   35    41    0.025
   10    34    0.025
    2    32    0.025
    7    37    0.025
    3    48    0.024
    4    12    0.024
    2    31    0.024
    2    53    0.024
   53    59    0.024
    7    38    0.024
   52    59    0.024
   22    51    0.024
   48    59    0.024
   33    42    0.023
    2    20    0.023
    1    31    0.023
   44    57    0.023
    2    23    0.022
   27    34    0.022
    9    34    0.022
   16    36    0.022
    3    35    0.021
    7    33    0.021
    8    44    0.021
   27    33    0.021
   46    56    0.021
    1    55    0.021
   49    59    0.021
   22    54    0.020
    2    30    0.020
    4    31    0.020
    9    29    0.020
   30    36    0.020
   27    51    0.020
   19    54    0.020
    6    40    0.020
    3    46    0.020
   18    49    0.019
   23    30    0.019
    1    54    0.019
   44    50    0.019
   46    59    0.019
    7    36    0.019
   19    34    0.019
    2    43    0.019
    7    32    0.019
    1    22    0.019
    1    13    0.019
    1    44    0.019
   26    55    0.019
    3    34    0.019
   46    52    0.019
   17    51    0.019
    2    47    0.018
   10    37    0.018
   43    55    0.018
   34    42    0.018
   23    55    0.018
   19    51    0.018
   23    33    0.018
   22    49    0.018
   26    46    0.018
   46    55    0.017
    9    32    0.017
    2    35    0.017
   27    52    0.017
    4    18    0.017
   44    55    0.017
   13    51    0.016
   23    54    0.016
   23    35    0.016
    6    39    0.016
   26    35    0.016
   14    51    0.016
    9    39    0.016
    4    45    0.016
    7    35    0.016
   22    55    0.016
    4    32    0.016
   14    44    0.015
    3    43    0.015
    4    53    0.015
   29    35    0.015
    6    36    0.015
   10    36    0.015
    1    58    0.015
   29    49    0.014
   10    38    0.014
   30    48    0.014
    1    30    0.014
    3    36    0.014
   18    51    0.014
    5    46    0.014
   11    18    0.014
    6    37    0.014
    7    34    0.014
    6    43    0.014
   40    59    0.014
   30    46    0.014
    5    40    0.013
   26    45    0.013
   26    50    0.013
    2    56    0.013
   14    43    0.013
    1    37    0.013
   11    38    0.013
   12    36    0.013
    2    54    0.013
   26    47    0.013
    5    43    0.013
   43    56    0.013
   19    40    0.013
    5    37    0.013
    3    40    0.013
   19    52    0.013
    2    36    0.012
   27    35    0.012
   17    50    0.012
   32    38    0.012
   30    39    0.012
    1    56    0.012
    5    36    0.012
   19    37    0.012
    6    38    0.012
    7    31    0.012
    3    51    0.012
    2    24    0.012
    1    23    0.012
    4    30    0.012
   22    52    0.012
    1    59    0.012
   33    48    0.012
   26    42    0.012
   35    43    0.011
    5    39    0.011
    3    39    0.011
    2    27    0.011
    4    41    0.011
   40    58    0.011
    5    50    0.011
    3    47    0.011
    9    43    0.011
   19    50    0.011
   15    36    0.011
   11    35    0.011
    9    44    0.011
    3    53    0.011
   10    41    0.011
   18    53    0.011
    3    11    0.010
   26    54    0.010
    6    35    0.010
   44    56    0.010
    6    33    0.010
    2    52    0.010
    1    20    0.010
   13    43    0.010
   18    58    0.010
    3    37    0.010
   16    55    0.010
   11    46    0.010
    8    15    0.010
   18    55    0.010
   33    40    0.010
    4    23    0.010
    8    39    0.010
   16    51    0.009
    6    34    0.009
    2    55    0.009
    5    33    0.009
   45    58    0.009
   22    58    0.009
   26    32    0.009
   11    33    0.009
   22    34    0.009
    7    41    0.009
   19    49    0.009
    5    35    0.009
   34    40    0.009
   29    38    0.009
   26    58    0.008
    5    34    0.008
    9    46    0.008
    4    58    0.008
   15    54    0.008
   31    38    0.008
   31    37    0.008
    2    18    0.008
    3    32    0.008
    5    38    0.008
    8    32    0.008
    6    46    0.008
    9    33    0.008
    9    41    0.008
   20    51    0.008
   28    34    0.008
   23    46    0.008
   33    45    0.008
    4    52    0.008
   33    43    0.008
    5    59    0.008
    9    38    0.008
    4    59    0.008
   16    50    0.008
   10    46    0.007
   16    53    0.007
   26    38    0.007
    8    38    0.007
   14    54    0.007
    2    40    0.007
    9    37    0.007
    6    12    0.007
   19    41    0.007
    1    57    0.007
   16    54    0.007
   33    44    0.007
   18    36    0.007
   13    36    0.007
    4    22    0.007
    2    45    0.007
   10    35    0.007
    3    31    0.007
    8    41    0.007
    2    29    0.007
    1    27    0.007
   18    46    0.007
    2    42    0.007
   15    58    0.007
   23    36    0.007
   23    42    0.007
    1    41    0.007
   19    57    0.007
   13    50    0.007
    9    31    0.007
   15    37    0.006
   30    37    0.006
    3    56    0.006
    9    23    0.006
    2    26    0.006
   20    53    0.006
    9    18    0.006
   16    52    0.006
    9    36    0.006
   30    51    0.006
   15    55    0.006
   16    47    0.006
    3    38    0.006
    1    24    0.006
    7    15    0.006
   18    56    0.006
   16    57    0.006
   10    32    0.006
    8    34    0.006
    5    49    0.006
    8    37    0.006
   20    34    0.006
   18    47    0.006
   29    53    0.006
   16    37    0.006
    4    54    0.006
   18    52    0.006
   23    38    0.006
    2    22    0.006
    3    58    0.006
   35    45    0.006
    3    59    0.006
    8    33    0.006
   19    58    0.006
   13    54    0.006
   42    48    0.006
   26    57    0.006
   22    36    0.005
   22    50    0.005
    2    44    0.005
    2    59    0.005
   25    53    0.005
    2    57    0.005
   22    57    0.005
   30    43    0.005
    2    58    0.005
   10    48    0.005
    4    27    0.005
    5    58    0.005
   14    55    0.005
    2    37    0.005
   10    50    0.005
   36    42    0.005
   18    57    0.005
    5    12    0.005
   23    58    0.005
   46    54    0.005
    3    12    0.005
    2    39    0.005
   20    52    0.005
    4    56    0.005
    3    42    0.005
    9    58    0.005
   45    57    0.005
    3    54    0.005
   26    48    0.005
    5    11    0.005
   11    50    0.005
    1    14    0.005
   17    44    0.005
    8    36    0.005
    7    42    0.005
    9    30    0.005
   24    53    0.005
   45    59    0.005
    4    55    0.005
   30    53    0.005
   27    55    0.005
   13    48    0.005
   12    37    0.005
   10    42    0.005
   20    49    0.005
    9    35    0.005
    2    14    0.004
   27    53    0.004
   22    59    0.004
    1    17    0.004
   23    39    0.004
    2    38    0.004
   12    44    0.004
    5    47    0.004
   15    56    0.004
    6    59    0.004
   13    57    0.004
   19    56    0.004
   20    55    0.004
    8    53    0.004
    1    29    0.004
    9    47    0.004
    3    52    0.004
    6    32    0.004
   42    59    0.004
   11    20    0.004
    7    19    0.004
    1    26    0.004
   13    55    0.004
    7    29    0.004
    3    55    0.004
   42    58    0.004
   21    51    0.004
    9    20    0.004
    4    20    0.004
    8    47    0.004
   20    50    0.004
   13    40    0.004
   14    46    0.004
   13    58    0.004
   15    51    0.004
   15    53    0.004
   13    56    0.004
    8    35    0.004
    9    53    0.004
    5    51    0.004
    8    46    0.004
   45    56    0.004
   12    34    0.004
   15    50    0.004
   25    58    0.004
   16    49    0.004
    3    15    0.004
   16    58    0.004
    3    44    0.004
    1    21    0.004
    6    15    0.004
   15    57    0.004
   26    44    0.004
   14    58    0.004
   17    43    0.004
   23    48    0.004
   16    56    0.004
   19    46    0.004
    7    46    0.004
   14    56    0.004
    8    51    0.004
   14    40    0.004
    2    28    0.004
   25    55    0.004
   45    55    0.004
   21    54    0.003
   16    44    0.003
   11    41    0.003
    7    30    0.003
    6    31    0.003
    5    44    0.003
    9    52    0.003
   10    33    0.003
   21    50    0.003
   11    58    0.003
    5    32    0.003
   18    59    0.003
   10    53    0.003
   23    57    0.003
   19    39    0.003
   20    54    0.003
   11    32    0.003
   24    55    0.003
   30    44    0.003
   39    59    0.003
    5    31    0.003
   27    38    0.003
   26    56    0.003
    3    45    0.003
    9    26    0.003
   15    59    0.003
   23    44    0.003
   24    54    0.003
   26    39    0.003
   34    43    0.003
   10    51    0.003
   26    36    0.003
   19    59    0.003
   17    54    0.003
    8    31    0.003
    7    59    0.003
   16    34    0.003
    6    44    0.003
   12    40    0.003
   11    54    0.003
    6    53    0.003
   27    36    0.003
   13    53    0.003
    8    42    0.003
   24    51    0.003
   14    53    0.003
   29    41    0.003
   11    17    0.003
    9    42    0.003
   21    53    0.003
    9    55    0.003
   10    58    0.003
    5    53    0.003
   17    46    0.003
   10    49    0.003
   20    33    0.003
   26    59    0.003
    6    58    0.003
   24    58    0.003
   11    59    0.003
   30    40    0.003
   14    57    0.003
    4    24    0.003
    6    50    0.003
   11    55    0.003
   43    54    0.003
    3    57    0.003
    9    54    0.003
   19    38    0.003
   24    30    0.003
    1    28    0.003
   21    46    0.003
    7    53    0.003
   23    31    0.003
    5    15    0.003
    6    51    0.003
   12    47    0.003
   13    59    0.003
   22    56    0.003
   11    56    0.003
   40    57    0.003
   10    55    0.003
    7    58    0.003
   20    46    0.003
    4    57    0.003
   16    40    0.003
   29    36    0.003
    6    41    0.003
   11    49    0.003
   39    58    0.003
    4    13    0.003
    2    17    0.003
   29    37    0.003
   31    39    0.002
    4    29    0.002
   27    50    0.002
    8    55    0.002
   11    51    0.002
   27    54    0.002
   16    38    0.002
    6    42    0.002
   16    39    0.002
   35    44    0.002
   37    45    0.002
   15    47    0.002
   27    58    0.002
   11    31    0.002
    4    26    0.002
   11    42    0.002
    7    51    0.002
    8    19    0.002
   15    52    0.002
   21    49    0.002
   23    43    0.002
   26    43    0.002
    9    59    0.002
   12    59    0.002
   12    57    0.002
   11    53    0.002
    7    47    0.002
   17    53    0.002
   25    54    0.002
   17    39    0.002
   44    54    0.002
    7    50    0.002
   27    37    0.002
    3    16    0.002
   16    59    0.002
   12    58    0.002
    9    57    0.002
   12    39    0.002
    5    42    0.002
   15    44    0.002
   11    57    0.002
   10    54    0.002
    5    41    0.002
    5    48    0.002
   27    48    0.002
   12    56    0.002
   10    45    0.002
    3    19    0.002
   14    59    0.002
   30    52    0.002
   17    58    0.002
   13    52    0.002
    9    51    0.002
    9    56    0.002
   23    56    0.002
   11    48    0.002
    8    58    0.002
   10    52    0.002
    8    18    0.002
   12    43    0.002
   20    36    0.002
    8    59    0.002
   17    55    0.002
   18    34    0.002
    5    56    0.002
    5    54    0.002
   23    37    0.002
    8    52    0.002
   16    43    0.002
   24    52    0.002
    9    48    0.002
   45    53    0.002
    6    47    0.002
    6    49    0.002
   42    57    0.002
   14    49    0.002
   17    40    0.002
   21    58    0.002
    4    14    0.002
   25    51    0.002
    8    50    0.002
    3    30    0.002
   12    55    0.002
   11    45    0.002
   14    48    0.002
   12    35    0.002
   25    59    0.002
   32    39    0.002
    9    50    0.002
    2    21    0.002
   43    53    0.002
    3    41    0.002
   30    50    0.002
   14    52    0.002
   12    54    0.002
   19    43    0.002
   14    36    0.002
   29    52    0.002
    3    18    0.002
   31    49    0.002
   26    41    0.002
   21    55    0.002
   32    40    0.002
    5    55    0.002
   10    59    0.002
   32    41    0.002
    9    49    0.002
   17    48    0.002
   15    39    0.002
   25    52    0.002
   15    38    0.002
   25    57    0.002
   23    47    0.001
    2    41    0.001
   41    59    0.001
   10    57    0.001
   27    39    0.001
   20    30    0.001
   29    42    0.001
    5    57    0.001
    9    22    0.001
    7    52    0.001
    6    55    0.001
   31    42    0.001
   29    39    0.001
    7    18    0.001
   12    38    0.001
   10    18    0.001
   14    39    0.001
    5    19    0.001
    5    52    0.001
    6    56    0.001
   23    59    0.001
    7    49    0.001
   29    48    0.001
   10    56    0.001
    1    25    0.001
    8    54    0.001
    6    57    0.001
   13    49    0.001
    5    45    0.001
    7    55    0.001
   19    48    0.001
    6    19    0.001
    6    52    0.001
   13    37    0.001
    9    27    0.001
   28    35    0.001
   23    32    0.001
   31    58    0.001
   17    49    0.001
    7    27    0.001
   31    41    0.001
   17    56    0.001
   29    51    0.001
   31    55    0.001
   19    47    0.001
    8    16    0.001
   19    44    0.001
    7    13    0.001
   44    53    0.001
   15    43    0.001
   22    46    0.001
    7    56    0.001
   23    40    0.001
    7    45    0.001
   20    58    0.001
    8    49    0.001
    7    54    0.001
   41    58    0.001
   12    51    0.001
   17    52    0.001
   13    46    0.001
    8    56    0.001
   22    40    0.001
   17    57    0.001
    4    17    0.001
    8    30    0.001
    7    23    0.001
    7    57    0.001
   26    37    0.001
   21    52    0.001
    6    54    0.001
    8    57    0.001
   12    19    0.001
   18    44    0.001
   16    35    0.001
   29    58    0.001
   24    33    0.001
   15    40    0.001
   31    40    0.001
    5    27    0.001
   45    54    0.001
   21    59    0.001
   27    56    0.001
   24    31    0.001
   30    55    0.001
    2    25    0.001
   15    49    0.001
    7    48    0.001
    4    28    0.001
   34    45    0.001
   18    37    0.001
   20    57    0.001
   25    31    0.001
    7    26    0.001
   25    34    0.001
    5    18    0.001
    6    45    0.001
   24    34    0.001
   18    43    0.001
   24    49    0.001
   13    39    0.001
   24    59    0.001
   16    48    0.001
   20    48    0.001
   27    47    0.001
   38    45    0.001
   36    44    0.001
   11    52    0.001
   27    59    0.001
   21    44    0.001
    7    16    0.001
   36    43    0.001
   10    30    0.001
    8    29    0.001
   17    38    0.001
   23    45    0.001
    9    24    0.001
   12    53    0.001
   19    42    0.001
   40    55    0.001
   33    59    0.001
   20    38    0.001
   22    30    0.001
   21    57    0.001
    8    48    0.001
    5    30    0.001
   21    56    0.001
   27    57    0.001
   20    40    0.001
   31    59    0.001
   36    45    0.001
   17    36    0.001
    3    13    0.001
   18    48    0.001
   29    59    0.001
   17    59    0.001
   27    42    0.001
   25    56    0.001
   18    40    0.001
   10    31    0.001
   29    55    0.001
   24    57    0.001
   42    56    0.001
    5    29    0.001
    6    30    0.001
    3    14    0.001
   13    41    0.001
   19    35    0.001
   16    46    0.001
   20    44    0.001
   37    59    0.001
    3    20    0.001
   17    42    0.001
   23    41    0.001
   10    29    0.001
    5    23    0.001
   15    34    0.001
   29    45    0.001
    5    16    0.001
    8    45    0.001
   24    56    0.001
    9    28    0.001
   20    47    0.001
    9    45    0.001
   33    58    0.001
   18    39    0.001
    3    29    0.001
   32    42    0.001
   22    48    0.001
   27    46    0.001
   22    29    0.001
   33    46    0.001
   23    29    0.001
   41    57    0.001
   20    37    0.001
    5    24    0.001
   20    43    0.001
    3    23    0.001
   15    35    0.001
   42    55    0.001
   12    50    0.001
   20    39    0.001
   14    45    0.001
   20    56    0.001
   16    41    0.001
   28    55    0.001
   20    31    0.001
   13    42    0.001
    6    23    0.001
   25    33    0.001
   12    48    0.001
   20    42    0.001
    6    48    0.001
   14    37    0.001
    3    27    0.001
    6    27    0.001
   20    59    0.001
    3    22    0.001
   13    34    0.001
   14    38    0.001
   20    41    0.001
   13    45    0.001
   17    45    0.001
   17    34    0.001
   17    35    0.001
    6    16    0.001
    5    22    0.001
   25    49    0.001
    6    18    0.001
    3    24    0.001
   29    57    0.001
   12    52    0.001
   35    46    0.001
    4    21    0.001
   37    43    0.000
   14    35    0.000
   11    22    0.000
   39    57    0.000
   21    34    0.000
   31    53    0.000
   40    56    0.000
   21    47    0.000
   13    38    0.000
    6    29    0.000
   21    42    0.000
   22    37    0.000
    6    13    0.000
   13    35    0.000
   19    33    0.000
   20    35    0.000
   11    30    0.000
   38    59    0.000
   22    31    0.000
   28    58    0.000
   29    44    0.000
   41    55    0.000
    9    25    0.000
   16    42    0.000
   44    51    0.000
   28    59    0.000
    5    13    0.000
   24    50    0.000
    8    14    0.000
   15    46    0.000
   20    32    0.000
   30    58    0.000
   24    35    0.000
   12    41    0.000
   29    43    0.000
    3    17    0.000
   34    44    0.000
   31    43    0.000
   27    41    0.000
    9    17    0.000
   21    43    0.000
   31    56    0.000
   28    38    0.000
   11    23    0.000
   29    54    0.000
   17    24    0.000
   39    45    0.000
   45    52    0.000
   28    52    0.000
   17    41    0.000
    7    24    0.000
   28    36    0.000
   40    46    0.000
   18    35    0.000
   21    45    0.000
   30    59    0.000
   18    38    0.000
   29    40    0.000
   14    34    0.000
   22    39    0.000
    7    28    0.000
    5    26    0.000
    6    24    0.000
   22    33    0.000
    7    22    0.000
   15    48    0.000
   26    40    0.000
   14    42    0.000
   25    32    0.000
   30    57    0.000
   37    58    0.000
   27    43    0.000
    6    14    0.000
    4    25    0.000
   21    35    0.000
   17    33    0.000
    7    14    0.000
    5    14    0.000
   27    44    0.000
   22    47    0.000
   20    27    0.000
   18    42    0.000
    7    20    0.000
   27    40    0.000
   28    53    0.000
   22    35    0.000
   10    20    0.000
   11    29    0.000
   14    41    0.000
   24    32    0.000
   29    47    0.000
   15    41    0.000
   18    45    0.000
   27    45    0.000
    3    21    0.000
   37    44    0.000
    5    28    0.000
    3    26    0.000
   18    24    0.000
   29    46    0.000
   19    45    0.000
    6    22    0.000
   12    42    0.000
    3    28    0.000
   22    42    0.000
   16    45    0.000
    8    23    0.000
   20    45    0.000
   20    26    0.000
   28    49    0.000
   31    57    0.000
   22    41    0.000
   29    56    0.000
   22    44    0.000
    6    26    0.000
   29    50    0.000
   36    59    0.000
   19    26    0.000
   21    39    0.000
   28    37    0.000
   16    33    0.000
    5    20    0.000
   38    47    0.000
   32    59    0.000
   35    59    0.000
   18    41    0.000
   21    48    0.000
    6    20    0.000
   24    38    0.000
   41    49    0.000
   21    38    0.000
   31    45    0.000
   38    44    0.000
   21    36    0.000
   38    58    0.000
   28    56    0.000
   17    37    0.000
   39    47    0.000
   22    45    0.000
   21    31    0.000
   30    54    0.000
   19    27    0.000
    8    27    0.000
   22    28    0.000
    8    20    0.000
   24    39    0.000
   31    52    0.000
   42    53    0.000
   43    51    0.000
   24    48    0.000
   22    38    0.000
   32    43    0.000
   30    56    0.000
   41    56    0.000
   21    40    0.000
   38    46    0.000
   14    22    0.000
   28    57    0.000
   25    50    0.000
   21    33    0.000
   12    49    0.000
   18    33    0.000
   24    36    0.000
   33    57    0.000
   21    29    0.000
   12    46    0.000
   19    31    0.000
   12    33    0.000
   10    17    0.000
   21    41    0.000
   22    32    0.000
   19    30    0.000
   39    55    0.000
   22    43    0.000
   20    29    0.000
   16    23    0.000
   37    57    0.000
   28    51    0.000
   21    27    0.000
   24    46    0.000
   40    47    0.000
   38    57    0.000
    9    21    0.000
    7    25    0.000
   15    22    0.000
   44    52    0.000
   16    24    0.000
   15    42    0.000
    6    28    0.000
   25    35    0.000
    5    25    0.000
   12    45    0.000
   18    26    0.000
   34    59    0.000
   11    27    0.000
    8    22    0.000
   12    18    0.000
   36    58    0.000
   19    25    0.000
   43    50    0.000
   28    54    0.000
   28    39    0.000
   42    54    0.000
   39    56    0.000
   31    44    0.000
   19    32    0.000
   18    32    0.000
   41    53    0.000
    8    17    0.000
   12    20    0.000
    8    26    0.000
    8    24    0.000
    7    17    0.000
   31    51    0.000
   40    53    0.000
    5    21    0.000
   33    47    0.000
   20    28    0.000
   15    45    0.000
   24    43    0.000
   14    33    0.000
   21    30    0.000
   21    37    0.000
   33    53    0.000
   15    33    0.000
   11    21    0.000
    3    25    0.000
   28    41    0.000
   28    48    0.000
   11    26    0.000
   35    47    0.000
   15    23    0.000
   32    49    0.000
   18    31    0.000
   42    49    0.000
   11    24    0.000
   28    42    0.000
   32    44    0.000
   24    47    0.000
   17    31    0.000
   24    42    0.000
   17    23    0.000
   36    57    0.000
   35    58    0.000
    8    28    0.000
   25    46    0.000
   21    32    0.000
   31    47    0.000
   37    46    0.000
   32    45    0.000
   24    37    0.000
   37    47    0.000
    6    25    0.000
   38    55    0.000
   31    46    0.000
   24    44    0.000
   17    32    0.000
   34    46    0.000
   43    52    0.000
   25    38    0.000
   13    33    0.000
   32    58    0.000
   25    48    0.000
   25    45    0.000
   36    55    0.000
   17    26    0.000
   25    36    0.000
   24    40    0.000
   35    57    0.000
    5    17    0.000
   21    28    0.000
   10    27    0.000
   13    19    0.000
   40    54    0.000
   18    25    0.000
    6    21    0.000
   41    48    0.000
    7    21    0.000
   28    43    0.000
   10    28    0.000
   17    30    0.000
   16    22    0.000
   17    25    0.000
   17    27    0.000
   10    26    0.000
   31    54    0.000
   18    30    0.000
   32    48    0.000
   28    40    0.000
    6    17    0.000
   28    50    0.000
   25    42    0.000
   18    27    0.000
   41    54    0.000
   12    32    0.000
   25    39    0.000
   11    28    0.000
   24    45    0.000
   31    48    0.000
   39    46    0.000
   42    51    0.000
   36    47    0.000
   32    53    0.000
   16    31    0.000
   41    51    0.000
   24    41    0.000
   31    50    0.000
   32    52    0.000
   40    49    0.000
   34    58    0.000
   19    29    0.000
   33    50    0.000
    8    25    0.000
   10    23    0.000
   25    47    0.000
   37    55    0.000
   16    32    0.000
    8    21    0.000
   19    28    0.000
   36    46    0.000
   16    26    0.000
   35    55    0.000
   10    22    0.000
   33    52    0.000
   28    44    0.000
   14    31    0.000
   14    32    0.000
   11    25    0.000
   25    41    0.000
   38    49    0.000
   28    45    0.000
   34    57    0.000
   33    54    0.000
   15    24    0.000
   40    50    0.000
   25    44    0.000
   32    55    0.000
   33    55    0.000
   38    56    0.000
   25    37    0.000
   32    57    0.000
   15    31    0.000
   37    56    0.000
   40    48    0.000
   28    47    0.000
   16    27    0.000
   42    50    0.000
   41    50    0.000
   33    51    0.000
   32    46    0.000
   36    54    0.000
   15    21    0.000
   13    22    0.000
   25    40    0.000
   25    43    0.000
   17    28    0.000
   34    47    0.000
   15    32    0.000
   10    24    0.000
   36    56    0.000
   12    23    0.000
   14    23    0.000
   39    53    0.000
   18    29    0.000
   13    20    0.000
   14    24    0.000
   40    51    0.000
   35    48    0.000
   16    30    0.000
   32    47    0.000
   13    32    0.000
   12    22    0.000
   18    28    0.000
   39    49    0.000
   14    20    0.000
   28    46    0.000
   39    48    0.000
   35    54    0.000
   17    29    0.000
   12    31    0.000
   15    26    0.000
   38    48    0.000
   41    52    0.000
   13    24    0.000
   12    27    0.000
   39    54    0.000
   12    24    0.000
   12    26    0.000
   42    52    0.000
   14    21    0.000
   10    21    0.000
   40    52    0.000
   35    49    0.000
   13    21    0.000
   37    54    0.000
   10    25    0.000
   38    53    0.000
   13    23    0.000
   32    56    0.000
   12    21    0.000
   35    56    0.000
   34    55    0.000
   15    27    0.000
   38    54    0.000
   37    49    0.000
   15    30    0.000
   32    51    0.000
   13    31    0.000
   16    25    0.000
   38    51    0.000
   32    54    0.000
   34    54    0.000
   37    48    0.000
   34    49    0.000
   36    53    0.000
   32    50    0.000
   34    53    0.000
   36    49    0.000
   33    56    0.000
   38    50    0.000
   14    30    0.000
   14    26    0.000
   16    28    0.000
   37    53    0.000
   39    50    0.000
   39    51    0.000
   16    29    0.000
   13    26    0.000
   13    27    0.000
   36    48    0.000
   39    52    0.000
   35    53    0.000
   34    48    0.000
   12    30    0.000
   14    27    0.000
   15    25    0.000
   37    51    0.000
   15    29    0.000
   34    56    0.000
   38    52    0.000
   12    25    0.000
   12    28    0.000
   37    50    0.000
   12    29    0.000
   35    51    0.000
   34    52    0.000
   15    28    0.000
   14    25    0.000
   36    50    0.000
   34    51    0.000
   14    29    0.000
   35    50    0.000
   13    25    0.000
   36    51    0.000
   13    30    0.000
   36    52    0.000
   35    52    0.000
   13    29    0.000
   37    52    0.000
   34    50    0.000
   14    28    0.000
   13    28    0.000
